episode,run_0
0,False
1,False
2,False
3,False
4,False
5,False
6,False
7,False
8,False
9,False
10,False
11,False
12,False
13,False
14,False
15,False
16,False
17,False
18,False
19,False
20,False
21,False
22,False
23,False
24,False
25,False
26,False
27,False
28,False
29,False
30,False
31,False
32,False
33,False
34,False
35,False
36,False
37,False
38,False
39,False
40,False
41,False
42,False
43,False
44,False
45,False
46,False
47,False
48,True
49,False
50,False
51,False
52,False
53,False
54,False
55,False
56,False
57,False
58,True
59,False
60,False
61,False
62,False
63,False
64,False
65,False
66,False
67,False
68,False
69,False
70,False
71,False
72,False
73,False
74,False
75,False
76,False
77,False
78,False
79,False
80,False
81,False
82,False
83,False
84,False
85,False
86,False
87,True
88,True
89,False
90,False
91,False
92,False
93,False
94,True
95,True
96,False
97,False
98,False
99,True
100,True
101,False
102,False
103,False
104,False
105,False
106,False
107,False
108,True
109,True
110,True
111,False
112,False
113,True
114,True
115,True
116,False
117,True
118,True
119,False
120,False
121,False
122,False
123,False
124,True
125,True
126,False
127,True
128,True
129,True
130,True
131,True
132,True
133,False
134,True
135,True
136,True
137,True
138,True
139,True
140,True
141,True
142,False
143,True
144,True
145,False
146,False
147,True
148,True
149,False
150,True
151,False
152,False
153,False
154,False
155,True
156,False
157,False
158,True
159,False
160,True
161,False
162,True
163,False
164,True
165,True
166,True
167,True
168,False
169,True
170,True
171,False
172,False
173,True
174,True
175,True
176,True
177,False
178,True
179,True
180,True
181,False
182,True
183,False
184,False
185,False
186,False
187,False
188,False
189,True
190,True
191,False
192,True
193,True
194,False
195,True
196,True
197,True
198,False
199,True
200,True
201,True
202,True
203,True
204,True
205,True
206,True
207,True
208,False
209,False
210,False
211,True
212,False
213,True
214,False
215,True
216,False
217,False
218,True
219,False
220,True
221,True
222,False
223,True
224,False
225,True
226,True
227,True
228,True
229,True
230,True
231,True
232,True
233,True
234,False
235,False
236,False
237,False
238,True
239,True
240,True
241,True
242,True
243,True
244,False
245,True
246,False
247,False
248,False
249,False
250,True
251,True
252,True
253,False
254,False
255,True
256,False
257,True
258,False
259,False
260,False
261,False
262,True
263,False
264,False
265,False
266,False
267,False
268,True
269,False
270,False
271,True
272,False
273,False
274,True
275,False
276,True
277,False
278,False
279,False
280,False
281,False
282,False
283,False
284,False
285,False
286,True
287,True
288,False
289,False
290,True
291,False
292,False
293,True
294,False
295,False
296,False
297,False
298,False
299,True
300,False
301,True
302,True
303,False
304,False
305,False
306,True
307,False
308,False
309,False
310,False
311,True
312,False
313,False
314,False
315,True
316,False
317,False
318,False
319,True
320,True
321,False
322,True
323,True
324,True
325,True
326,True
327,False
328,False
329,False
330,True
331,False
332,False
333,False
334,True
335,False
336,True
337,True
338,True
339,False
340,False
341,False
342,True
343,True
344,False
345,True
346,True
347,True
348,True
349,True
350,True
351,True
352,False
353,False
354,False
355,True
356,False
357,False
358,True
359,False
360,False
361,False
362,True
363,True
364,True
365,False
366,True
367,False
368,True
369,True
370,True
371,True
372,True
373,True
374,False
375,False
376,False
377,False
378,False
379,False
380,False
381,True
382,False
383,True
384,False
385,False
386,True
387,False
388,False
389,False
390,True
391,False
392,True
393,True
394,True
395,True
396,False
397,True
398,False
399,False
400,False
401,False
402,True
403,True
404,False
405,True
406,False
407,True
408,True
409,True
410,False
411,True
412,True
413,False
414,True
415,True
416,True
417,False
418,False
419,False
420,True
421,False
422,False
423,False
424,False
425,True
426,True
427,True
428,True
429,False
430,True
431,False
432,False
433,False
434,True
435,False
436,False
437,True
438,False
439,False
440,False
441,False
442,True
443,True
444,False
445,False
446,False
447,False
448,True
449,False
450,False
451,False
452,False
453,True
454,False
455,False
456,False
457,False
458,True
459,True
460,True
461,False
462,False
463,False
464,False
465,False
466,True
467,False
468,True
469,True
470,False
471,False
472,False
473,True
474,False
475,True
476,False
477,False
478,False
479,False
480,False
481,False
482,True
483,True
484,True
485,False
486,True
487,True
488,True
489,True
490,True
491,True
492,False
493,True
494,False
495,True
496,True
497,True
498,True
499,False
500,False
501,False
502,False
503,False
504,False
505,False
506,True
507,False
508,True
509,False
510,False
511,False
512,False
513,False
514,True
515,True
516,False
517,False
518,False
519,True
520,True
521,True
522,True
523,True
524,True
525,True
526,True
527,True
528,False
529,False
530,False
531,False
532,False
533,True
534,False
535,False
536,False
537,True
538,False
539,False
540,True
541,True
542,False
543,False
544,False
545,False
546,False
547,True
548,False
549,True
550,True
551,False
552,True
553,True
554,True
555,False
556,False
557,False
558,False
559,False
560,True
561,True
562,False
563,False
564,False
565,True
566,False
567,False
568,False
569,False
570,False
571,False
572,False
573,False
574,False
575,False
576,False
577,True
578,True
579,False
580,False
581,False
582,False
583,False
584,False
585,False
586,True
587,False
588,False
589,True
590,False
591,False
592,False
593,False
594,False
595,True
596,False
597,True
598,False
599,False
600,False
601,False
602,False
603,False
604,False
605,False
606,False
607,False
608,False
609,False
610,False
611,True
612,False
613,False
614,False
615,True
616,False
617,False
618,False
619,False
620,False
621,True
622,False
623,False
624,False
625,False
626,True
627,True
628,False
629,True
630,False
631,False
632,False
633,True
634,True
635,False
636,True
637,True
638,True
639,True
640,True
641,True
642,True
643,True
644,True
645,False
646,True
647,True
648,True
649,True
650,True
651,False
652,True
653,False
654,True
655,False
656,True
657,True
658,True
659,True
660,True
661,True
662,False
663,False
664,False
665,False
666,False
667,False
668,True
669,False
670,False
671,False
672,False
673,False
674,False
675,False
676,False
677,False
678,False
679,False
680,False
681,False
682,False
683,False
684,False
685,False
686,False
687,True
688,False
689,False
690,False
691,False
692,False
693,False
694,False
695,False
696,False
697,False
698,False
699,False
700,False
701,False
702,False
703,False
704,False
705,False
706,False
707,False
708,False
709,False
710,False
711,False
712,True
713,False
714,False
715,False
716,False
717,True
718,False
719,False
720,False
721,False
722,False
723,False
724,False
725,False
726,False
727,False
728,True
729,False
730,False
731,False
732,False
733,False
734,True
735,False
736,False
737,False
738,False
739,False
740,False
741,True
742,False
743,False
744,True
745,True
746,False
747,False
748,True
749,True
750,True
751,True
752,False
753,True
754,False
755,False
756,False
757,False
758,False
759,False
760,True
761,False
762,False
763,False
764,False
765,False
766,False
767,False
768,False
769,False
770,False
771,False
772,False
773,True
774,True
775,False
776,False
777,True
778,False
779,False
780,True
781,False
782,True
783,False
784,False
785,True
786,True
787,False
788,False
789,False
790,False
791,False
792,False
793,False
794,True
795,False
796,False
797,False
798,False
799,False
800,False
801,False
802,False
803,False
804,False
805,False
806,False
807,False
808,False
809,False
810,False
811,True
812,False
813,False
814,False
815,False
816,False
817,False
818,False
819,False
820,False
821,False
822,False
823,False
824,False
825,False
826,False
827,True
828,False
829,False
830,False
831,False
832,False
833,False
834,False
835,True
836,False
837,False
838,False
839,False
840,False
841,False
842,False
843,False
844,False
845,False
846,False
847,True
848,False
849,False
850,True
851,False
852,False
853,False
854,True
855,False
856,False
857,False
858,False
859,False
860,False
861,False
862,False
863,False
864,False
865,False
866,False
867,False
868,False
869,False
870,True
871,False
872,False
873,False
874,False
875,False
876,False
877,False
878,False
879,False
880,False
881,False
882,False
883,False
884,False
885,False
886,False
887,False
888,False
889,False
890,False
891,False
892,False
893,False
894,False
895,False
896,False
897,False
898,False
899,False
900,False
901,False
902,False
903,False
904,False
905,False
906,False
907,False
908,False
909,True
910,False
911,True
912,False
913,False
914,False
915,False
916,True
917,False
918,False
919,False
920,False
921,False
922,False
923,True
924,False
925,False
926,False
927,False
928,False
929,False
930,False
931,True
932,False
933,False
934,False
935,False
936,False
937,False
938,False
939,False
940,False
941,False
942,False
943,False
944,False
945,False
946,False
947,False
948,True
949,True
950,False
951,False
952,False
953,False
954,True
955,True
956,True
957,False
958,True
959,False
960,False
961,False
962,False
963,False
964,False
965,False
966,False
967,False
968,False
969,False
970,False
971,True
972,False
973,True
974,False
975,True
976,False
977,False
978,False
979,False
980,False
981,False
982,False
983,False
984,True
985,False
986,False
987,False
988,False
989,False
990,False
991,True
992,False
993,False
994,True
995,True
996,False
997,True
998,False
999,True
1000,False
1001,False
1002,True
1003,True
1004,True
1005,False
1006,False
1007,True
1008,False
1009,True
1010,False
1011,True
1012,False
1013,False
1014,False
1015,False
1016,False
1017,False
1018,False
1019,False
1020,False
1021,True
1022,False
1023,False
1024,False
1025,False
1026,False
1027,True
1028,False
1029,False
1030,False
1031,False
1032,True
1033,True
1034,False
1035,False
1036,True
1037,False
1038,False
1039,True
1040,False
1041,False
1042,False
1043,False
1044,False
1045,False
1046,False
1047,True
1048,False
1049,False
1050,False
1051,False
1052,False
1053,False
1054,False
1055,False
1056,False
1057,False
1058,False
1059,False
1060,False
1061,False
1062,False
1063,False
1064,False
1065,False
1066,False
1067,False
1068,False
1069,True
1070,True
1071,True
1072,False
1073,False
1074,False
1075,True
1076,False
1077,False
1078,False
1079,False
1080,False
1081,False
1082,False
1083,False
1084,False
1085,False
1086,False
1087,False
1088,False
1089,False
1090,False
1091,False
1092,False
1093,False
1094,False
1095,False
1096,False
1097,False
1098,False
1099,False
1100,False
1101,False
1102,True
1103,False
1104,True
1105,False
1106,False
1107,False
1108,False
1109,False
1110,False
1111,False
1112,False
1113,False
1114,False
1115,False
1116,False
1117,False
1118,True
1119,False
1120,False
1121,False
1122,False
1123,False
1124,False
1125,False
1126,False
1127,False
1128,False
1129,False
1130,False
1131,False
1132,False
1133,False
1134,False
1135,False
1136,False
1137,True
1138,True
1139,True
1140,False
1141,False
1142,False
1143,False
1144,False
1145,True
1146,False
1147,True
1148,True
1149,False
1150,False
1151,False
1152,False
1153,False
1154,False
1155,True
1156,True
1157,True
1158,False
1159,False
1160,True
1161,False
1162,True
1163,False
1164,True
1165,False
1166,False
1167,False
1168,False
1169,False
1170,False
1171,False
1172,False
1173,False
1174,False
1175,True
1176,False
1177,False
1178,False
1179,True
1180,False
1181,False
1182,False
1183,False
1184,False
1185,False
1186,False
1187,False
1188,True
1189,False
1190,False
1191,False
1192,False
1193,False
1194,False
1195,False
1196,False
1197,False
1198,False
1199,False
1200,False
1201,False
1202,False
1203,False
1204,False
1205,False
1206,False
1207,False
1208,False
1209,False
1210,False
1211,False
1212,False
1213,False
1214,False
1215,False
1216,False
1217,False
1218,False
1219,False
1220,False
1221,False
1222,False
1223,False
1224,False
1225,False
1226,False
1227,False
1228,False
1229,True
1230,False
1231,False
1232,False
1233,False
1234,False
1235,False
1236,False
1237,False
1238,False
1239,True
1240,False
1241,False
1242,True
1243,False
1244,False
1245,False
1246,False
1247,False
1248,False
1249,False
1250,False
1251,False
1252,False
1253,False
1254,False
1255,False
1256,False
1257,True
1258,False
1259,True
1260,True
1261,False
1262,True
1263,True
1264,False
1265,False
1266,False
1267,False
1268,False
1269,True
1270,True
1271,False
1272,False
1273,False
1274,False
1275,False
1276,False
1277,False
1278,False
1279,True
1280,False
1281,False
1282,False
1283,False
1284,True
1285,True
1286,False
1287,True
1288,True
1289,True
1290,False
1291,False
1292,False
1293,False
1294,False
1295,True
1296,False
1297,False
1298,False
1299,False
1300,False
1301,False
1302,False
1303,False
1304,True
1305,False
1306,False
1307,False
1308,False
1309,False
1310,False
1311,False
1312,False
1313,False
1314,False
1315,False
1316,False
1317,False
1318,False
1319,False
1320,False
1321,False
1322,False
1323,False
1324,False
1325,False
1326,True
1327,False
1328,False
1329,False
1330,False
1331,False
1332,False
1333,False
1334,False
1335,False
1336,False
1337,False
1338,False
1339,False
1340,False
1341,True
1342,False
1343,False
1344,False
1345,True
1346,False
1347,False
1348,False
1349,False
1350,False
1351,False
1352,False
1353,False
1354,False
1355,True
1356,False
1357,False
1358,False
1359,False
1360,False
1361,False
1362,False
1363,False
1364,False
1365,False
1366,False
1367,False
1368,False
1369,False
1370,True
1371,False
1372,False
1373,False
1374,False
1375,False
1376,False
1377,False
1378,False
1379,False
1380,False
1381,False
1382,False
1383,False
1384,False
1385,True
1386,False
1387,False
1388,False
1389,False
1390,False
1391,False
1392,False
1393,False
1394,False
1395,False
1396,False
1397,False
1398,True
1399,False
1400,False
1401,False
1402,False
1403,True
1404,False
1405,False
1406,False
1407,False
1408,True
1409,False
1410,False
1411,False
1412,True
1413,False
1414,False
1415,False
1416,False
1417,False
1418,False
1419,False
1420,False
1421,False
1422,False
1423,False
1424,False
1425,True
1426,True
1427,False
1428,True
1429,True
1430,True
1431,False
1432,True
1433,False
1434,True
1435,False
1436,False
1437,False
1438,False
1439,False
1440,False
1441,False
1442,False
1443,False
1444,False
1445,True
1446,False
1447,False
1448,False
1449,True
1450,False
1451,True
1452,True
1453,False
1454,True
1455,False
1456,False
1457,False
1458,False
1459,False
1460,False
1461,False
1462,False
1463,True
1464,False
1465,False
1466,False
1467,True
1468,True
1469,False
1470,False
1471,False
1472,False
1473,False
1474,False
1475,False
1476,False
1477,True
1478,False
1479,False
1480,False
1481,False
1482,False
1483,False
1484,False
1485,False
1486,False
1487,False
1488,False
1489,False
1490,False
1491,True
1492,False
1493,True
1494,False
1495,False
1496,False
1497,False
1498,False
1499,False
1500,False
1501,False
1502,False
1503,False
1504,False
1505,False
1506,False
1507,False
1508,False
1509,True
1510,False
1511,False
1512,False
1513,False
1514,False
1515,False
1516,False
1517,False
1518,False
1519,False
1520,False
1521,True
1522,False
1523,False
1524,False
1525,False
1526,False
1527,False
1528,False
1529,False
1530,False
1531,False
1532,False
1533,False
1534,False
1535,True
1536,False
1537,False
1538,False
1539,False
1540,False
1541,False
1542,False
1543,False
1544,False
1545,False
1546,False
1547,False
1548,False
1549,False
1550,False
1551,True
1552,False
1553,False
1554,False
1555,False
1556,True
1557,False
1558,False
1559,False
1560,False
1561,False
1562,False
1563,False
1564,False
1565,False
1566,False
1567,False
1568,False
1569,False
1570,False
1571,False
1572,False
1573,False
1574,True
1575,True
1576,False
1577,False
1578,False
1579,False
1580,False
1581,False
1582,False
1583,False
1584,False
1585,False
1586,False
1587,False
1588,False
1589,False
1590,False
1591,False
1592,False
1593,False
1594,False
1595,False
1596,False
1597,False
1598,True
1599,False
1600,False
1601,False
1602,False
1603,False
1604,False
1605,False
1606,False
1607,False
1608,False
1609,False
1610,False
1611,False
1612,False
1613,False
1614,False
1615,False
1616,False
1617,False
1618,False
1619,False
1620,False
1621,False
1622,False
1623,False
1624,False
1625,False
1626,False
1627,False
1628,False
1629,False
1630,False
1631,False
1632,False
1633,False
1634,False
1635,False
1636,False
1637,False
1638,False
1639,False
1640,False
1641,False
1642,False
1643,False
1644,False
1645,False
1646,False
1647,False
1648,False
1649,True
1650,False
1651,False
1652,False
1653,False
1654,False
1655,False
1656,False
1657,True
1658,False
1659,False
1660,False
1661,False
1662,False
1663,False
1664,False
1665,False
1666,False
1667,False
1668,False
1669,True
1670,False
1671,False
1672,True
1673,False
1674,False
1675,False
1676,False
1677,False
1678,False
1679,False
1680,False
1681,False
1682,False
1683,False
1684,False
1685,False
1686,True
1687,False
1688,False
1689,False
1690,False
1691,False
1692,False
1693,False
1694,True
1695,False
1696,False
1697,False
1698,False
1699,False
1700,False
1701,True
1702,False
1703,False
1704,False
1705,False
1706,False
1707,False
1708,False
1709,False
1710,True
1711,False
1712,False
1713,False
1714,False
1715,False
1716,False
1717,True
1718,False
1719,False
1720,False
1721,False
1722,True
1723,False
1724,True
1725,False
1726,False
1727,False
1728,True
1729,False
1730,False
1731,False
1732,False
1733,False
1734,False
1735,True
1736,False
1737,False
1738,False
1739,False
1740,False
1741,False
1742,False
1743,True
1744,True
1745,False
1746,False
1747,True
1748,False
1749,False
1750,False
1751,True
1752,False
1753,False
1754,False
1755,False
1756,False
1757,False
1758,False
1759,False
1760,False
1761,False
1762,False
1763,False
1764,False
1765,False
1766,False
1767,False
1768,False
1769,False
1770,False
1771,False
1772,False
1773,False
1774,False
1775,False
1776,False
1777,False
1778,False
1779,False
1780,False
1781,False
1782,False
1783,False
1784,False
1785,False
1786,False
1787,False
1788,False
1789,False
1790,False
1791,False
1792,False
1793,False
1794,False
1795,False
1796,False
1797,False
1798,False
1799,False
1800,False
1801,False
1802,False
1803,False
1804,False
1805,False
1806,False
1807,False
1808,False
1809,False
1810,False
1811,False
1812,False
1813,False
1814,True
1815,False
1816,False
1817,False
1818,False
1819,False
1820,True
1821,False
1822,False
1823,False
1824,False
1825,True
1826,False
1827,False
1828,False
1829,False
1830,False
1831,False
1832,False
1833,False
1834,False
1835,False
1836,False
1837,False
1838,False
1839,False
1840,False
1841,False
1842,False
1843,False
1844,False
1845,False
1846,False
1847,False
1848,False
1849,False
1850,False
1851,False
1852,False
1853,False
1854,False
1855,False
1856,False
1857,False
1858,False
1859,False
1860,False
1861,False
1862,False
1863,True
1864,False
1865,False
1866,False
1867,False
1868,False
1869,False
1870,False
1871,False
1872,False
1873,True
1874,False
1875,False
1876,True
1877,False
1878,False
1879,False
1880,False
1881,False
1882,False
1883,False
1884,False
1885,False
1886,False
1887,False
1888,False
1889,False
1890,False
1891,False
1892,False
1893,False
1894,False
1895,False
1896,False
1897,False
1898,True
1899,False
1900,False
1901,False
1902,False
1903,False
1904,False
1905,False
1906,False
1907,False
1908,False
1909,False
1910,False
1911,False
1912,False
1913,False
1914,False
1915,False
1916,False
1917,False
1918,False
1919,False
1920,False
1921,False
1922,False
1923,False
1924,False
1925,False
1926,False
1927,False
1928,False
1929,False
1930,False
1931,False
1932,False
1933,False
1934,False
1935,False
1936,False
1937,False
1938,False
1939,False
1940,False
1941,False
1942,False
1943,False
1944,False
1945,False
1946,False
1947,False
1948,False
1949,False
1950,False
1951,False
1952,False
1953,False
1954,False
1955,False
1956,False
1957,False
1958,False
1959,False
1960,False
1961,False
1962,False
1963,False
1964,False
1965,False
1966,False
1967,False
1968,False
1969,False
1970,False
1971,False
1972,False
1973,False
1974,False
1975,False
1976,False
1977,False
1978,False
1979,False
1980,False
1981,False
1982,False
1983,False
1984,False
1985,False
1986,False
1987,False
1988,False
1989,False
1990,False
1991,False
1992,False
1993,False
1994,False
1995,False
1996,False
1997,False
1998,False
1999,False
2000,False
2001,False
2002,False
2003,False
2004,False
2005,False
2006,False
2007,False
2008,False
2009,False
2010,False
2011,False
2012,False
2013,True
2014,False
2015,False
2016,False
2017,False
2018,False
2019,False
2020,False
2021,True
2022,False
2023,False
2024,True
2025,False
2026,True
2027,False
2028,False
2029,False
2030,True
2031,False
2032,False
2033,False
2034,False
2035,False
2036,False
2037,False
2038,False
2039,False
2040,False
2041,False
2042,False
2043,False
2044,False
2045,False
2046,False
2047,False
2048,False
2049,False
2050,False
2051,True
2052,False
2053,False
2054,False
2055,False
2056,False
2057,False
2058,False
2059,False
2060,False
2061,False
2062,False
2063,False
2064,False
2065,False
2066,False
2067,False
2068,False
2069,False
2070,False
2071,False
2072,False
2073,False
2074,False
2075,False
2076,False
2077,False
2078,False
2079,False
2080,False
2081,False
2082,False
2083,False
2084,False
2085,False
2086,False
2087,False
2088,False
2089,False
2090,False
2091,False
2092,False
2093,False
2094,False
2095,False
2096,False
2097,False
2098,False
2099,False
2100,False
2101,False
2102,False
2103,False
2104,False
2105,False
2106,False
2107,False
2108,False
2109,False
2110,False
2111,False
2112,False
2113,False
2114,False
2115,False
2116,False
2117,False
2118,False
2119,True
2120,False
2121,False
2122,False
2123,False
2124,False
2125,False
2126,False
2127,False
2128,False
2129,False
2130,False
2131,False
2132,False
2133,False
2134,False
2135,False
2136,False
2137,False
2138,False
2139,False
2140,False
2141,False
2142,False
2143,False
2144,False
2145,False
2146,False
2147,False
2148,False
2149,False
2150,False
2151,False
2152,True
2153,False
2154,False
2155,True
2156,False
2157,False
2158,False
2159,False
2160,False
2161,False
2162,False
2163,False
2164,False
2165,False
2166,False
2167,False
2168,False
2169,False
2170,False
2171,False
2172,False
2173,False
2174,False
2175,False
2176,False
2177,True
2178,False
2179,False
2180,False
2181,False
2182,False
2183,False
2184,False
2185,False
2186,False
2187,False
2188,False
2189,False
2190,False
2191,False
2192,False
2193,False
2194,False
2195,False
2196,False
2197,False
2198,False
2199,False
2200,False
2201,False
2202,False
2203,False
2204,False
2205,False
2206,False
2207,False
2208,False
2209,False
2210,False
2211,False
2212,False
2213,False
2214,False
2215,False
2216,False
2217,False
2218,False
2219,False
2220,False
2221,False
2222,True
2223,False
2224,False
2225,False
2226,False
2227,False
2228,False
2229,False
2230,False
2231,False
2232,False
2233,False
2234,False
2235,False
2236,False
2237,False
2238,False
2239,False
2240,False
2241,False
2242,False
2243,False
2244,False
2245,False
2246,False
2247,False
2248,False
2249,False
2250,False
2251,False
2252,False
2253,False
2254,False
2255,False
2256,False
2257,False
2258,False
2259,False
2260,False
2261,False
2262,False
2263,False
2264,False
2265,False
2266,False
2267,False
2268,True
2269,False
2270,False
2271,True
2272,False
2273,False
2274,False
2275,True
2276,True
2277,False
2278,False
2279,False
2280,False
2281,False
2282,True
2283,False
2284,False
2285,False
2286,False
2287,False
2288,False
2289,False
2290,False
2291,False
2292,False
2293,False
2294,False
2295,False
2296,False
2297,False
2298,False
2299,False
2300,False
2301,False
2302,False
2303,False
2304,False
2305,False
2306,False
2307,False
2308,False
2309,False
2310,False
2311,False
2312,False
2313,False
2314,False
2315,False
2316,False
2317,False
2318,False
2319,False
2320,False
2321,False
2322,False
2323,True
2324,False
2325,False
2326,False
2327,False
2328,False
2329,False
2330,False
2331,False
2332,False
2333,False
2334,False
2335,False
2336,False
2337,False
2338,False
2339,False
2340,False
2341,False
2342,False
2343,False
2344,False
2345,False
2346,False
2347,False
2348,False
2349,False
2350,False
2351,False
2352,False
2353,False
2354,False
2355,False
2356,False
2357,False
2358,False
2359,False
2360,False
2361,False
2362,False
2363,True
2364,False
2365,False
2366,False
2367,False
2368,False
2369,False
2370,False
2371,False
2372,False
2373,False
2374,False
2375,False
2376,False
2377,False
2378,False
2379,False
2380,False
2381,False
2382,False
2383,False
2384,False
2385,False
2386,False
2387,False
2388,False
2389,False
2390,False
2391,False
2392,False
2393,False
2394,False
2395,False
2396,False
2397,False
2398,False
2399,False
2400,False
2401,False
2402,False
2403,False
2404,False
2405,False
2406,False
2407,False
2408,False
2409,False
2410,False
2411,False
2412,False
2413,False
2414,False
2415,False
2416,False
2417,False
2418,False
2419,False
2420,False
2421,False
2422,False
2423,False
2424,False
2425,False
2426,False
2427,False
2428,False
2429,False
2430,False
2431,False
2432,False
2433,False
2434,True
2435,False
2436,False
2437,False
2438,False
2439,False
2440,False
2441,False
2442,False
2443,False
2444,False
2445,False
2446,False
2447,False
2448,False
2449,False
2450,False
2451,False
2452,False
2453,False
2454,False
2455,False
2456,True
2457,False
2458,False
2459,False
2460,False
2461,False
2462,False
2463,False
2464,False
2465,False
2466,False
2467,False
2468,False
2469,False
2470,False
2471,False
2472,False
2473,False
2474,False
2475,False
2476,True
2477,False
2478,False
2479,False
2480,False
2481,False
2482,False
2483,False
2484,False
2485,False
2486,False
2487,False
2488,False
2489,False
2490,False
2491,False
2492,False
2493,False
2494,False
2495,False
2496,False
2497,False
2498,False
2499,False
2500,False
2501,False
2502,False
2503,False
2504,False
2505,False
2506,False
2507,False
2508,False
2509,False
2510,False
2511,False
2512,False
2513,False
2514,False
2515,False
2516,False
2517,False
2518,False
2519,False
2520,False
2521,False
2522,False
2523,False
2524,False
2525,False
2526,False
2527,False
2528,False
2529,False
2530,False
2531,False
2532,False
2533,False
2534,False
2535,False
2536,False
2537,False
2538,False
2539,False
2540,False
2541,False
2542,False
2543,False
2544,False
2545,False
2546,False
2547,False
2548,False
2549,False
2550,False
2551,False
2552,False
2553,False
2554,False
2555,False
2556,False
2557,False
2558,False
2559,False
2560,False
2561,False
2562,False
2563,False
2564,False
2565,False
2566,False
2567,False
2568,False
2569,False
2570,False
2571,False
2572,False
2573,False
2574,False
2575,False
2576,False
2577,False
2578,False
2579,False
2580,False
2581,False
2582,False
2583,False
2584,False
2585,False
2586,False
2587,False
2588,False
2589,False
2590,False
2591,False
2592,False
2593,False
2594,False
2595,False
2596,False
2597,False
2598,False
2599,False
2600,False
2601,False
2602,False
2603,False
2604,False
2605,False
2606,False
2607,False
2608,False
2609,True
2610,False
2611,False
2612,False
2613,False
2614,False
2615,False
2616,False
2617,False
2618,False
2619,False
2620,False
2621,False
2622,False
2623,False
2624,False
2625,False
2626,False
2627,True
2628,False
2629,False
2630,False
2631,False
2632,False
2633,False
2634,False
2635,False
2636,False
2637,False
2638,False
2639,False
2640,False
2641,False
2642,False
2643,False
2644,False
2645,False
2646,False
2647,False
2648,False
2649,False
2650,False
2651,False
2652,False
2653,False
2654,False
2655,False
2656,False
2657,False
2658,False
2659,False
2660,False
2661,False
2662,False
2663,False
2664,False
2665,False
2666,False
2667,False
2668,False
2669,False
2670,False
2671,False
2672,False
2673,False
2674,False
2675,False
2676,False
2677,False
2678,False
2679,False
2680,False
2681,False
2682,False
2683,False
2684,False
2685,False
2686,False
2687,False
2688,False
2689,False
2690,False
2691,False
2692,False
2693,False
2694,False
2695,False
2696,False
2697,False
2698,False
2699,False
2700,False
2701,False
2702,False
2703,False
2704,False
2705,False
2706,False
2707,False
2708,False
2709,False
2710,False
2711,False
2712,False
2713,False
2714,False
2715,False
2716,False
2717,False
2718,False
2719,False
2720,False
2721,False
2722,False
2723,False
2724,False
2725,False
2726,False
2727,False
2728,False
2729,False
2730,False
2731,False
2732,False
2733,False
2734,False
2735,False
2736,False
2737,False
2738,False
2739,False
2740,False
2741,False
2742,False
2743,False
2744,False
2745,False
2746,False
2747,False
2748,False
2749,False
2750,False
2751,False
2752,False
2753,False
2754,False
2755,False
2756,False
2757,False
2758,False
2759,False
2760,False
2761,False
2762,False
2763,False
2764,False
2765,False
2766,False
2767,False
2768,False
2769,False
2770,False
2771,False
2772,False
2773,False
2774,False
2775,False
2776,False
2777,False
2778,False
2779,False
2780,False
2781,False
2782,False
2783,False
2784,False
2785,False
2786,False
2787,False
2788,False
2789,False
2790,False
2791,False
2792,False
2793,False
2794,False
2795,False
2796,False
2797,False
2798,False
2799,False
2800,False
2801,False
2802,False
2803,False
2804,False
2805,False
2806,False
2807,False
2808,False
2809,False
2810,False
2811,False
2812,False
2813,False
2814,False
2815,False
2816,False
2817,False
2818,False
2819,False
2820,False
2821,False
2822,False
2823,False
2824,False
2825,False
2826,False
2827,False
2828,False
2829,False
2830,False
2831,False
2832,False
2833,False
2834,False
2835,False
2836,False
2837,False
2838,False
2839,False
2840,False
2841,False
2842,False
2843,True
2844,False
2845,False
2846,False
2847,False
2848,False
2849,False
2850,False
2851,False
2852,False
2853,False
2854,False
2855,False
2856,False
2857,False
2858,False
2859,False
2860,False
2861,False
2862,False
2863,False
2864,False
2865,False
2866,False
2867,False
2868,False
2869,False
2870,False
2871,False
2872,False
2873,False
2874,False
2875,False
2876,False
2877,False
2878,False
2879,False
2880,False
2881,False
2882,False
2883,False
2884,False
2885,False
2886,False
2887,False
2888,False
2889,False
2890,False
2891,False
2892,False
2893,False
2894,False
2895,False
2896,False
2897,True
2898,False
2899,False
2900,False
2901,True
2902,False
2903,False
2904,False
2905,False
2906,False
2907,False
2908,False
2909,False
2910,False
2911,False
2912,False
2913,False
2914,False
2915,False
2916,False
2917,False
2918,False
2919,False
2920,False
2921,False
2922,False
2923,False
2924,False
2925,False
2926,False
2927,False
2928,False
2929,False
2930,False
2931,False
2932,False
2933,False
2934,False
2935,False
2936,False
2937,False
2938,False
2939,False
2940,False
2941,False
2942,False
2943,False
2944,False
2945,False
2946,False
2947,False
2948,False
2949,False
2950,False
2951,False
2952,False
2953,False
2954,False
2955,False
2956,False
2957,False
2958,False
2959,False
2960,False
2961,False
2962,False
2963,False
2964,False
2965,False
2966,False
2967,False
2968,False
2969,False
2970,False
2971,False
2972,False
2973,False
2974,False
2975,False
2976,False
2977,False
2978,False
2979,False
2980,False
2981,False
2982,False
2983,False
2984,False
2985,False
2986,False
2987,False
2988,False
2989,False
2990,False
2991,False
2992,False
2993,False
2994,False
2995,False
2996,False
2997,False
2998,False
2999,False
3000,False
3001,False
3002,False
3003,False
3004,False
3005,False
3006,False
3007,False
3008,False
3009,False
3010,False
3011,False
3012,False
3013,False
3014,False
3015,False
3016,False
3017,False
3018,False
3019,False
3020,False
3021,False
3022,False
3023,False
3024,False
3025,False
3026,False
3027,False
3028,False
3029,False
3030,False
3031,False
3032,False
3033,False
3034,False
3035,False
3036,False
3037,False
3038,False
3039,False
3040,False
3041,False
3042,False
3043,False
3044,False
3045,False
3046,False
3047,False
3048,False
3049,False
3050,False
3051,False
3052,False
3053,False
3054,False
3055,False
3056,False
3057,False
3058,False
3059,False
3060,False
3061,False
3062,False
3063,False
3064,False
3065,False
3066,False
3067,False
3068,False
3069,False
3070,False
3071,False
3072,False
3073,False
3074,False
3075,False
3076,False
3077,False
3078,False
3079,False
3080,False
3081,False
3082,False
3083,False
3084,False
3085,False
3086,False
3087,False
3088,False
3089,False
3090,False
3091,False
3092,False
3093,False
3094,False
3095,False
3096,False
3097,False
3098,False
3099,False
3100,False
3101,False
3102,False
3103,False
3104,False
3105,False
3106,False
3107,False
3108,False
3109,False
3110,False
3111,False
3112,False
3113,False
3114,False
3115,False
3116,False
3117,False
3118,False
3119,False
3120,False
3121,False
3122,False
3123,False
3124,False
3125,False
3126,False
3127,False
3128,False
3129,False
3130,False
3131,False
3132,False
3133,False
3134,False
3135,False
3136,False
3137,False
3138,False
3139,False
3140,False
3141,False
3142,False
3143,False
3144,False
3145,False
3146,False
3147,False
3148,False
3149,False
3150,False
3151,False
3152,False
3153,False
3154,False
3155,False
3156,False
3157,False
3158,False
3159,False
3160,False
3161,False
3162,False
3163,False
3164,False
3165,False
3166,False
3167,False
3168,False
3169,False
3170,False
3171,False
3172,False
3173,False
3174,False
3175,False
3176,False
3177,False
3178,False
3179,False
3180,False
3181,False
3182,False
3183,False
3184,False
3185,False
3186,False
3187,False
3188,False
3189,False
3190,False
3191,False
3192,False
3193,False
3194,False
3195,False
3196,False
3197,False
3198,False
3199,False
3200,False
3201,False
3202,False
3203,False
3204,False
3205,False
3206,False
3207,False
3208,False
3209,False
3210,False
3211,False
3212,False
3213,False
3214,False
3215,False
3216,False
3217,False
3218,False
3219,False
3220,False
3221,False
3222,False
3223,False
3224,False
3225,False
3226,False
3227,False
3228,False
3229,False
3230,False
3231,False
3232,False
3233,False
3234,False
3235,False
3236,False
3237,False
3238,False
3239,False
3240,False
3241,False
3242,False
3243,False
3244,False
3245,False
3246,False
3247,False
3248,False
3249,False
3250,False
3251,False
3252,False
3253,False
3254,False
3255,False
3256,False
3257,False
3258,False
3259,False
3260,False
3261,False
3262,False
3263,False
3264,False
3265,False
3266,False
3267,False
3268,False
3269,False
3270,False
3271,False
3272,False
3273,False
3274,False
3275,False
3276,False
3277,False
3278,False
3279,False
3280,False
3281,False
3282,False
3283,False
3284,False
3285,False
3286,False
3287,False
3288,False
3289,False
3290,False
3291,False
3292,False
3293,False
3294,False
3295,False
3296,False
3297,False
3298,False
3299,False
3300,False
3301,False
3302,False
3303,False
3304,False
3305,False
3306,False
3307,False
3308,False
3309,False
3310,False
3311,False
3312,False
3313,False
3314,False
3315,False
3316,False
3317,False
3318,False
3319,False
3320,False
3321,False
3322,False
3323,False
3324,False
3325,False
3326,False
3327,False
3328,False
3329,False
3330,False
3331,False
3332,False
3333,False
3334,False
3335,False
3336,False
3337,False
3338,False
3339,False
3340,False
3341,False
3342,False
3343,False
3344,False
3345,False
3346,False
3347,False
3348,False
3349,False
3350,False
3351,False
3352,False
3353,False
3354,False
3355,False
3356,False
3357,False
3358,False
3359,False
3360,False
3361,False
3362,False
3363,False
3364,False
3365,False
3366,False
3367,False
3368,False
3369,False
3370,False
3371,False
3372,False
3373,False
3374,False
3375,False
3376,False
3377,False
3378,False
3379,False
3380,False
3381,False
3382,False
3383,False
3384,False
3385,False
3386,False
3387,False
3388,False
3389,False
3390,False
3391,False
3392,False
3393,False
3394,False
3395,False
3396,False
3397,False
3398,False
3399,False
3400,False
3401,False
3402,False
3403,False
3404,False
3405,False
3406,False
3407,False
3408,False
3409,False
3410,False
3411,False
3412,False
3413,False
3414,False
3415,False
3416,False
3417,False
3418,False
3419,False
3420,False
3421,False
3422,False
3423,False
3424,False
3425,False
3426,False
3427,False
3428,False
3429,False
3430,False
3431,False
3432,False
3433,False
3434,False
3435,False
3436,False
3437,False
3438,False
3439,False
3440,False
3441,False
3442,False
3443,False
3444,False
3445,False
3446,False
3447,False
3448,False
3449,False
3450,False
3451,False
3452,False
3453,False
3454,False
3455,False
3456,False
3457,False
3458,False
3459,False
3460,False
3461,False
3462,False
3463,False
3464,False
3465,False
3466,False
3467,False
3468,False
3469,False
3470,False
3471,False
3472,False
3473,False
3474,False
3475,False
3476,False
3477,False
3478,False
3479,False
3480,False
3481,False
3482,False
3483,False
3484,False
3485,False
3486,False
3487,False
3488,True
3489,False
3490,False
3491,False
3492,False
3493,False
3494,False
3495,False
3496,False
3497,False
3498,False
3499,False
3500,False
3501,False
3502,False
3503,False
3504,False
3505,False
3506,False
3507,False
3508,False
3509,False
3510,False
3511,False
3512,False
3513,False
3514,False
3515,False
3516,False
3517,False
3518,False
3519,False
3520,False
3521,False
3522,False
3523,False
3524,False
3525,False
3526,False
3527,False
3528,False
3529,False
3530,False
3531,False
3532,False
3533,False
3534,False
3535,False
3536,False
3537,False
3538,False
3539,False
3540,False
3541,False
3542,False
3543,False
3544,False
3545,False
3546,False
3547,False
3548,False
3549,False
3550,False
3551,False
3552,False
3553,False
3554,False
3555,False
3556,False
3557,False
3558,False
3559,False
3560,False
3561,False
3562,False
3563,False
3564,False
3565,False
3566,False
3567,False
3568,False
3569,False
3570,False
3571,False
3572,False
3573,False
3574,False
3575,False
3576,False
3577,False
3578,False
3579,False
3580,False
3581,False
3582,False
3583,False
3584,False
3585,False
3586,False
3587,False
3588,False
3589,False
3590,False
3591,False
3592,False
3593,False
3594,False
3595,False
3596,False
3597,False
3598,False
3599,False
3600,False
3601,False
3602,False
3603,False
3604,False
3605,False
3606,False
3607,False
3608,False
3609,False
3610,False
3611,False
3612,False
3613,False
3614,False
3615,False
3616,False
3617,False
3618,False
3619,False
3620,False
3621,False
3622,False
3623,False
3624,False
3625,False
3626,False
3627,False
3628,False
3629,False
3630,False
3631,False
3632,False
3633,False
3634,False
3635,False
3636,False
3637,False
3638,False
3639,False
3640,False
3641,False
3642,False
3643,False
3644,False
3645,False
3646,False
3647,False
3648,False
3649,False
3650,False
3651,False
3652,False
3653,False
3654,False
3655,False
3656,False
3657,False
3658,False
3659,False
3660,False
3661,False
3662,False
3663,False
3664,False
3665,False
3666,False
3667,False
3668,False
3669,False
3670,False
3671,False
3672,False
3673,False
3674,False
3675,False
3676,False
3677,False
3678,False
3679,False
3680,False
3681,False
3682,False
3683,False
3684,False
3685,False
3686,False
3687,False
3688,False
3689,False
3690,False
3691,False
3692,False
3693,False
3694,False
3695,False
3696,False
3697,False
3698,False
3699,False
3700,False
3701,False
3702,False
3703,False
3704,False
3705,False
3706,False
3707,False
3708,False
3709,False
3710,False
3711,False
3712,False
3713,False
3714,False
3715,False
3716,False
3717,False
3718,False
3719,False
3720,False
3721,False
3722,False
3723,False
3724,False
3725,False
3726,False
3727,False
3728,False
3729,False
3730,False
3731,False
3732,False
3733,False
3734,False
3735,False
3736,False
3737,False
3738,False
3739,False
3740,False
3741,False
3742,False
3743,False
3744,False
3745,False
3746,False
3747,False
3748,False
3749,False
3750,False
3751,False
3752,False
3753,False
3754,False
3755,False
3756,False
3757,False
3758,False
3759,False
3760,False
3761,False
3762,False
3763,False
3764,False
3765,False
3766,False
3767,False
3768,False
3769,False
3770,False
3771,False
3772,False
3773,False
3774,False
3775,False
3776,False
3777,False
3778,False
3779,False
3780,False
3781,False
3782,False
3783,False
3784,False
3785,False
3786,False
3787,False
3788,False
3789,False
3790,False
3791,False
3792,False
3793,False
3794,False
3795,False
3796,False
3797,False
3798,False
3799,False
3800,False
3801,False
3802,False
3803,False
3804,False
3805,False
3806,False
3807,False
3808,False
3809,False
3810,False
3811,False
3812,False
3813,False
3814,False
3815,False
3816,False
3817,False
3818,False
3819,False
3820,False
3821,False
3822,False
3823,False
3824,False
3825,False
3826,False
3827,False
3828,False
3829,False
3830,False
3831,False
3832,False
3833,False
3834,False
3835,False
3836,False
3837,False
3838,False
3839,False
3840,False
3841,False
3842,False
3843,False
3844,False
3845,False
3846,False
3847,False
3848,False
3849,False
3850,False
3851,False
3852,False
3853,False
3854,False
3855,False
3856,False
3857,False
3858,False
3859,False
3860,False
3861,False
3862,False
3863,False
3864,False
3865,False
3866,False
3867,False
3868,False
3869,False
3870,False
3871,False
3872,False
3873,False
3874,False
3875,False
3876,False
3877,False
3878,False
3879,False
3880,False
3881,False
3882,False
3883,False
3884,False
3885,False
3886,False
3887,False
3888,False
3889,False
3890,False
3891,False
3892,False
3893,False
3894,False
3895,False
3896,False
3897,False
3898,False
3899,False
3900,False
3901,False
3902,False
3903,False
3904,False
3905,False
3906,False
3907,False
3908,False
3909,False
3910,False
3911,False
3912,False
3913,False
3914,False
3915,False
3916,False
3917,False
3918,False
3919,False
3920,False
3921,False
3922,False
3923,False
3924,False
3925,False
3926,False
3927,False
3928,False
3929,False
3930,False
3931,False
3932,False
3933,False
3934,False
3935,False
3936,False
3937,False
3938,False
3939,False
3940,False
3941,False
3942,False
3943,False
3944,False
3945,False
3946,False
3947,False
3948,False
3949,False
3950,False
3951,False
3952,False
3953,False
3954,False
3955,False
3956,False
3957,False
3958,False
3959,False
3960,False
3961,False
3962,False
3963,False
3964,False
3965,False
3966,False
3967,False
3968,False
3969,False
3970,False
3971,False
3972,False
3973,False
3974,False
3975,False
3976,False
3977,False
3978,False
3979,False
3980,False
3981,False
3982,False
3983,False
3984,False
3985,False
3986,False
3987,False
3988,False
3989,False
3990,False
3991,False
3992,False
3993,False
3994,False
3995,False
3996,False
3997,False
3998,False
3999,False
4000,False
4001,False
4002,False
4003,False
4004,False
4005,False
4006,False
4007,False
4008,False
4009,False
4010,False
4011,False
4012,False
4013,False
4014,False
4015,False
4016,False
4017,False
4018,False
4019,False
4020,False
4021,False
4022,False
4023,False
4024,False
4025,False
4026,False
4027,False
4028,False
4029,False
4030,False
4031,False
4032,False
4033,False
4034,False
4035,False
4036,False
4037,False
4038,False
4039,False
4040,False
4041,False
4042,False
4043,False
4044,False
4045,False
4046,False
4047,False
4048,False
4049,False
4050,False
4051,False
4052,False
4053,False
4054,False
4055,False
4056,False
4057,False
4058,False
4059,False
4060,False
4061,False
4062,False
4063,False
4064,False
4065,False
4066,False
4067,False
4068,False
4069,False
4070,False
4071,False
4072,False
4073,False
4074,False
4075,False
4076,False
4077,False
4078,False
4079,False
4080,False
4081,False
4082,False
4083,False
4084,False
4085,False
4086,False
4087,False
4088,False
4089,False
4090,False
4091,False
4092,False
4093,False
4094,False
4095,False
4096,False
4097,False
4098,False
4099,False
4100,False
4101,False
4102,False
4103,False
4104,False
4105,False
4106,False
4107,False
4108,False
4109,False
4110,False
4111,False
4112,False
4113,False
4114,False
4115,False
4116,False
4117,False
4118,False
4119,False
4120,False
4121,False
4122,False
4123,False
4124,False
4125,False
4126,False
4127,False
4128,False
4129,False
4130,False
4131,False
4132,False
4133,False
4134,False
4135,False
4136,False
4137,False
4138,False
4139,False
4140,False
4141,False
4142,False
4143,False
4144,False
4145,False
4146,False
4147,False
4148,False
4149,False
4150,False
4151,False
4152,False
4153,False
4154,False
4155,False
4156,False
4157,False
4158,False
4159,False
4160,False
4161,False
4162,False
4163,False
4164,False
4165,False
4166,False
4167,False
4168,False
4169,False
4170,False
4171,False
4172,False
4173,False
4174,False
4175,False
4176,False
4177,False
4178,False
4179,False
4180,False
4181,False
4182,False
4183,False
4184,False
4185,False
4186,False
4187,False
4188,False
4189,False
4190,False
4191,False
4192,False
4193,False
4194,False
4195,False
4196,False
4197,False
4198,False
4199,False
4200,False
4201,False
4202,False
4203,False
4204,False
4205,False
4206,False
4207,False
4208,False
4209,False
4210,False
4211,False
4212,False
4213,False
4214,False
4215,False
4216,False
4217,False
4218,False
4219,False
4220,False
4221,False
4222,False
4223,False
4224,False
4225,False
4226,False
4227,False
4228,False
4229,False
4230,False
4231,False
4232,False
4233,False
4234,False
4235,False
4236,False
4237,False
4238,False
4239,False
4240,False
4241,False
4242,False
4243,False
4244,False
4245,False
4246,False
4247,False
4248,False
4249,False
4250,False
4251,False
4252,False
4253,False
4254,False
4255,False
4256,False
4257,False
4258,False
4259,False
4260,False
4261,False
4262,False
4263,False
4264,False
4265,False
4266,False
4267,False
4268,False
4269,False
4270,False
4271,False
4272,False
4273,False
4274,False
4275,False
4276,False
4277,False
4278,False
4279,False
4280,False
4281,False
4282,False
4283,False
4284,False
4285,False
4286,False
4287,False
4288,False
4289,False
4290,False
4291,False
4292,False
4293,False
4294,False
4295,False
4296,False
4297,False
4298,False
4299,False
4300,False
4301,False
4302,False
4303,False
4304,False
4305,False
4306,False
4307,False
4308,False
4309,False
4310,False
4311,False
4312,False
4313,False
4314,False
4315,False
4316,False
4317,False
4318,False
4319,False
4320,False
4321,False
4322,False
4323,False
4324,False
4325,False
4326,False
4327,False
4328,False
4329,False
4330,False
4331,False
4332,False
4333,False
4334,False
4335,False
4336,False
4337,False
4338,False
4339,False
4340,False
4341,False
4342,False
4343,False
4344,False
4345,False
4346,False
4347,False
4348,False
4349,False
4350,False
4351,False
4352,False
4353,False
4354,False
4355,False
4356,False
4357,False
4358,False
4359,False
4360,False
4361,False
4362,False
4363,False
4364,False
4365,False
4366,False
4367,False
4368,False
4369,False
4370,False
4371,False
4372,False
4373,False
4374,False
4375,False
4376,False
4377,False
4378,False
4379,False
4380,False
4381,False
4382,False
4383,False
4384,False
4385,False
4386,False
4387,False
4388,False
4389,False
4390,False
4391,False
4392,False
4393,False
4394,False
4395,False
4396,False
4397,False
4398,False
4399,False
4400,False
4401,False
4402,False
4403,False
4404,False
4405,False
4406,False
4407,False
4408,False
4409,False
4410,False
4411,False
4412,False
4413,False
4414,False
4415,False
4416,False
4417,False
4418,False
4419,False
4420,False
4421,False
4422,False
4423,False
4424,False
4425,False
4426,False
4427,False
4428,False
4429,False
4430,False
4431,False
4432,False
4433,False
4434,False
4435,False
4436,False
4437,False
4438,False
4439,False
4440,False
4441,False
4442,False
4443,False
4444,False
4445,False
4446,False
4447,False
4448,False
4449,False
4450,False
4451,False
4452,False
4453,False
4454,False
4455,False
4456,False
4457,False
4458,False
4459,False
4460,False
4461,False
4462,False
4463,False
4464,False
4465,False
4466,False
4467,False
4468,False
4469,False
4470,False
4471,False
4472,False
4473,False
4474,False
4475,False
4476,False
4477,False
4478,False
4479,False
4480,False
4481,False
4482,False
4483,False
4484,False
4485,False
4486,False
4487,False
4488,False
4489,False
4490,False
4491,False
4492,False
4493,False
4494,False
4495,False
4496,False
4497,False
4498,False
4499,False
4500,False
4501,False
4502,False
4503,False
4504,False
4505,False
4506,False
4507,False
4508,False
4509,False
4510,False
4511,False
4512,False
4513,False
4514,False
4515,False
4516,False
4517,False
4518,False
4519,False
4520,False
4521,False
4522,False
4523,False
4524,False
4525,False
4526,False
4527,False
4528,False
4529,False
4530,False
4531,False
4532,False
4533,False
4534,False
4535,False
4536,False
4537,False
4538,False
4539,False
4540,False
4541,False
4542,False
4543,False
4544,False
4545,False
4546,False
4547,False
4548,False
4549,False
4550,False
4551,False
4552,False
4553,False
4554,False
4555,False
4556,False
4557,False
4558,False
4559,False
4560,False
4561,False
4562,False
4563,False
4564,False
4565,False
4566,False
4567,False
4568,False
4569,False
4570,False
4571,False
4572,False
4573,False
4574,False
4575,False
4576,False
4577,False
4578,False
4579,False
4580,False
4581,False
4582,False
4583,False
4584,False
4585,False
4586,False
4587,False
4588,False
4589,False
4590,False
4591,False
4592,False
4593,False
4594,False
4595,False
4596,False
4597,False
4598,False
4599,False
4600,False
4601,False
4602,False
4603,False
4604,False
4605,False
4606,False
4607,False
4608,False
4609,False
4610,False
4611,False
4612,False
4613,False
4614,False
4615,False
4616,False
4617,False
4618,False
4619,False
4620,False
4621,False
4622,False
4623,False
4624,False
4625,False
4626,False
4627,False
4628,False
4629,False
4630,False
4631,False
4632,False
4633,False
4634,False
4635,False
4636,False
4637,False
4638,False
4639,False
4640,False
4641,False
4642,False
4643,False
4644,False
4645,False
4646,False
4647,False
4648,False
4649,False
4650,False
4651,False
4652,False
4653,False
4654,False
4655,False
4656,False
4657,False
4658,False
4659,False
4660,False
4661,False
4662,False
4663,False
4664,False
4665,False
4666,False
4667,False
4668,False
4669,False
4670,False
4671,False
4672,False
4673,False
4674,False
4675,False
4676,False
4677,False
4678,False
4679,False
4680,False
4681,False
4682,False
4683,False
4684,False
4685,False
4686,False
4687,False
4688,False
4689,False
4690,False
4691,False
4692,False
4693,False
4694,False
4695,False
4696,False
4697,False
4698,False
4699,False
4700,False
4701,False
4702,False
4703,False
4704,False
4705,False
4706,False
4707,False
4708,False
4709,False
4710,False
4711,False
4712,False
4713,False
4714,False
4715,False
4716,False
4717,False
4718,False
4719,False
4720,False
4721,False
4722,False
4723,False
4724,False
4725,False
4726,False
4727,False
4728,False
4729,False
4730,False
4731,False
4732,False
4733,False
4734,False
4735,False
4736,False
4737,False
4738,False
4739,False
4740,False
4741,False
4742,False
4743,False
4744,False
4745,False
4746,False
4747,False
4748,False
4749,False
4750,False
4751,False
4752,False
4753,False
4754,False
4755,False
4756,False
4757,False
4758,False
4759,False
4760,False
4761,False
4762,False
4763,False
4764,False
4765,False
4766,False
4767,False
4768,False
4769,False
4770,False
4771,False
4772,False
4773,False
4774,False
4775,False
4776,False
4777,False
4778,False
4779,False
4780,False
4781,False
4782,False
4783,False
4784,False
4785,False
4786,False
4787,False
4788,False
4789,False
4790,False
4791,False
4792,False
4793,False
4794,False
4795,False
4796,False
4797,False
4798,False
4799,False
4800,False
4801,False
4802,False
4803,False
4804,False
4805,False
4806,False
4807,False
4808,False
4809,False
4810,False
4811,False
4812,False
4813,False
4814,False
4815,False
4816,False
4817,False
4818,False
4819,False
4820,False
4821,False
4822,False
4823,False
4824,False
4825,False
4826,False
4827,False
4828,False
4829,False
4830,False
4831,False
4832,False
4833,False
4834,False
4835,False
4836,False
4837,False
4838,False
4839,False
4840,False
4841,False
4842,False
4843,False
4844,False
4845,False
4846,False
4847,False
4848,False
4849,False
4850,False
4851,False
4852,False
4853,False
4854,False
4855,False
4856,False
4857,False
4858,False
4859,False
4860,False
4861,False
4862,False
4863,False
4864,False
4865,False
4866,False
4867,False
4868,False
4869,False
4870,False
4871,False
4872,False
4873,False
4874,False
4875,False
4876,False
4877,False
4878,False
4879,False
4880,False
4881,False
4882,False
4883,False
4884,False
4885,False
4886,False
4887,False
4888,False
4889,False
4890,False
4891,False
4892,False
4893,False
4894,False
4895,False
4896,False
4897,False
4898,False
4899,False
4900,False
4901,False
4902,False
4903,False
4904,False
4905,False
4906,False
4907,False
4908,False
4909,False
4910,False
4911,False
4912,False
4913,False
4914,False
4915,False
4916,False
4917,False
4918,False
4919,False
4920,False
4921,False
4922,False
4923,False
4924,False
4925,False
4926,False
4927,False
4928,False
4929,False
4930,False
4931,False
4932,False
4933,False
4934,False
4935,False
4936,False
4937,False
4938,False
4939,False
4940,False
4941,False
4942,False
4943,False
4944,False
4945,False
4946,False
4947,False
4948,False
4949,False
4950,False
4951,False
4952,False
4953,False
4954,False
4955,False
4956,False
4957,False
4958,False
4959,False
4960,False
4961,False
4962,False
4963,False
4964,False
4965,False
4966,False
4967,False
4968,False
4969,False
4970,False
4971,False
4972,False
4973,False
4974,False
4975,False
4976,False
4977,False
4978,False
4979,False
4980,False
4981,False
4982,False
4983,False
4984,False
4985,False
4986,False
4987,False
4988,False
4989,False
4990,False
4991,False
4992,False
4993,False
4994,False
4995,False
4996,False
4997,False
4998,False
4999,False
5000,False
5001,False
5002,False
5003,False
5004,False
5005,False
5006,False
5007,False
5008,False
5009,False
5010,False
5011,False
5012,False
5013,False
5014,False
5015,False
5016,False
5017,False
5018,False
5019,False
5020,False
5021,False
5022,False
5023,False
5024,False
5025,False
5026,False
5027,False
5028,False
5029,False
5030,False
5031,False
5032,False
5033,False
5034,False
5035,False
5036,False
5037,False
5038,False
5039,False
5040,False
5041,False
5042,False
5043,False
5044,False
5045,False
5046,False
5047,False
5048,False
5049,False
5050,False
5051,False
5052,False
5053,False
5054,False
5055,False
5056,False
5057,False
5058,False
5059,False
5060,False
5061,False
5062,False
5063,False
5064,False
5065,False
5066,False
5067,False
5068,False
5069,False
5070,False
5071,False
5072,False
5073,False
5074,False
5075,False
5076,False
5077,False
5078,False
5079,False
5080,False
5081,False
5082,False
5083,False
5084,False
5085,False
5086,False
5087,False
5088,False
5089,False
5090,False
5091,False
5092,False
5093,False
5094,False
5095,False
5096,False
5097,False
5098,False
5099,False
5100,False
5101,False
5102,False
5103,False
5104,False
5105,False
5106,False
5107,False
5108,False
5109,False
5110,False
5111,False
5112,False
5113,False
5114,False
5115,False
5116,False
5117,False
5118,False
5119,False
5120,False
5121,False
5122,False
5123,False
5124,False
5125,False
5126,False
5127,False
5128,False
5129,False
5130,False
5131,False
5132,False
5133,False
5134,False
5135,False
5136,False
5137,False
5138,False
5139,False
5140,False
5141,False
5142,False
5143,False
5144,False
5145,False
5146,False
5147,False
5148,False
5149,False
5150,False
5151,False
5152,False
5153,False
5154,False
5155,False
5156,False
5157,False
5158,False
5159,False
5160,False
5161,False
5162,False
5163,False
5164,False
5165,False
5166,False
5167,False
5168,False
5169,False
5170,False
5171,False
5172,False
5173,False
5174,False
5175,False
5176,False
5177,False
5178,False
5179,False
5180,False
5181,False
5182,False
5183,False
5184,False
5185,False
5186,False
5187,False
5188,False
5189,False
5190,False
5191,False
5192,False
5193,False
5194,False
5195,False
5196,False
5197,False
5198,False
5199,False
5200,False
5201,False
5202,False
5203,False
5204,False
5205,False
5206,False
5207,False
5208,False
5209,False
5210,False
5211,False
5212,False
5213,False
5214,False
5215,False
5216,False
5217,False
5218,False
5219,False
5220,False
5221,False
5222,False
5223,False
5224,False
5225,False
5226,False
5227,False
5228,False
5229,False
5230,False
5231,False
5232,False
5233,False
5234,False
5235,False
5236,False
5237,False
5238,False
5239,False
5240,False
5241,False
5242,False
5243,False
5244,False
5245,False
5246,False
5247,False
5248,False
5249,False
5250,False
5251,False
5252,False
5253,False
5254,False
5255,False
5256,False
5257,False
5258,False
5259,False
5260,False
5261,False
5262,False
5263,False
5264,False
5265,False
5266,False
5267,False
5268,False
5269,False
5270,False
5271,False
5272,False
5273,False
5274,False
5275,False
5276,False
5277,False
5278,False
5279,False
5280,False
5281,False
5282,False
5283,False
5284,False
5285,False
5286,False
5287,False
5288,False
5289,False
5290,False
5291,False
5292,False
5293,False
5294,False
5295,False
5296,False
5297,False
5298,False
5299,False
5300,False
5301,False
5302,False
5303,False
5304,False
5305,False
5306,False
5307,False
5308,False
5309,False
5310,False
5311,False
5312,False
5313,False
5314,False
5315,False
5316,False
5317,False
5318,False
5319,False
5320,False
5321,False
5322,False
5323,False
5324,False
5325,False
5326,False
5327,False
5328,False
5329,False
5330,False
5331,False
5332,False
5333,False
5334,False
5335,False
5336,False
5337,False
5338,False
5339,False
5340,False
5341,False
5342,False
5343,False
5344,False
5345,False
5346,False
5347,False
5348,False
5349,False
5350,False
5351,False
5352,False
5353,False
5354,False
5355,False
5356,False
5357,False
5358,False
5359,False
5360,False
5361,False
5362,False
5363,False
5364,False
5365,False
5366,False
5367,False
5368,False
5369,False
5370,False
5371,False
5372,False
5373,False
5374,False
5375,False
5376,False
5377,False
5378,False
5379,False
5380,False
5381,False
5382,False
5383,False
5384,False
5385,False
5386,False
5387,False
5388,False
5389,False
5390,False
5391,False
5392,False
5393,False
5394,False
5395,False
5396,False
5397,False
5398,False
5399,False
5400,False
5401,False
5402,False
5403,False
5404,False
5405,False
5406,False
5407,False
5408,False
5409,False
5410,False
5411,False
5412,False
5413,False
5414,False
5415,False
5416,False
5417,False
5418,False
5419,False
5420,False
5421,False
5422,False
5423,False
5424,False
5425,False
5426,False
5427,False
5428,False
5429,False
5430,False
5431,False
5432,False
5433,False
5434,False
5435,False
5436,False
5437,False
5438,False
5439,False
5440,False
5441,False
5442,False
5443,False
5444,False
5445,False
5446,False
5447,False
5448,False
5449,False
5450,False
5451,False
5452,False
5453,False
5454,False
5455,False
5456,False
5457,False
5458,False
5459,False
5460,False
5461,False
5462,False
5463,False
5464,False
5465,False
5466,False
5467,False
5468,False
5469,False
5470,False
5471,False
5472,False
5473,False
5474,False
5475,False
5476,False
5477,False
5478,False
5479,False
5480,False
5481,False
5482,False
5483,False
5484,False
5485,False
5486,False
5487,False
5488,False
5489,False
5490,False
5491,False
5492,False
5493,False
5494,False
5495,False
5496,False
5497,False
5498,False
5499,False
5500,False
5501,False
5502,False
5503,False
5504,False
5505,False
5506,False
5507,False
5508,False
5509,False
5510,False
5511,False
5512,False
5513,False
5514,False
5515,False
5516,False
5517,False
5518,False
5519,False
5520,False
5521,False
5522,False
5523,False
5524,False
5525,False
5526,False
5527,False
5528,False
5529,False
5530,False
5531,False
5532,False
5533,False
5534,False
5535,False
5536,False
5537,False
5538,False
5539,False
5540,False
5541,False
5542,False
5543,False
5544,False
5545,False
5546,False
5547,False
5548,False
5549,False
5550,False
5551,False
5552,False
5553,False
5554,False
5555,False
5556,False
5557,False
5558,False
5559,False
5560,False
5561,False
5562,False
5563,False
5564,False
5565,False
5566,False
5567,False
5568,False
5569,False
5570,False
5571,False
5572,False
5573,False
5574,False
5575,False
5576,False
5577,False
5578,False
5579,False
5580,False
5581,False
5582,False
5583,False
5584,False
5585,False
5586,False
5587,False
5588,False
5589,False
5590,False
5591,False
5592,False
5593,False
5594,False
5595,False
5596,False
5597,False
5598,False
5599,False
5600,False
5601,False
5602,False
5603,False
5604,False
5605,False
5606,False
5607,False
5608,False
5609,False
5610,False
5611,False
5612,False
5613,False
5614,False
5615,False
5616,False
5617,False
5618,False
5619,False
5620,False
5621,False
5622,False
5623,False
5624,False
5625,False
5626,False
5627,False
5628,False
5629,False
5630,False
5631,False
5632,False
5633,False
5634,False
5635,False
5636,False
5637,False
5638,False
5639,False
5640,False
5641,False
5642,False
5643,False
5644,False
5645,False
5646,False
5647,False
5648,False
5649,False
5650,False
5651,False
5652,False
5653,False
5654,False
5655,False
5656,False
5657,False
5658,False
5659,False
5660,False
5661,False
5662,False
5663,False
5664,False
5665,False
5666,False
5667,False
5668,False
5669,False
5670,False
5671,False
5672,False
5673,False
5674,False
5675,False
5676,False
5677,False
5678,False
5679,False
5680,False
5681,False
5682,False
5683,False
5684,False
5685,False
5686,False
5687,False
5688,False
5689,False
5690,False
5691,False
5692,False
5693,False
5694,False
5695,False
5696,False
5697,False
5698,False
5699,False
5700,False
5701,False
5702,False
5703,False
5704,False
5705,False
5706,False
5707,False
5708,False
5709,False
5710,False
5711,False
5712,False
5713,False
5714,False
5715,False
5716,False
5717,False
5718,False
5719,False
5720,False
5721,False
5722,False
5723,False
5724,False
5725,False
5726,False
5727,False
5728,False
5729,False
5730,False
5731,False
5732,False
5733,False
5734,False
5735,False
5736,False
5737,False
5738,False
5739,False
5740,False
5741,False
5742,False
5743,False
5744,False
5745,False
5746,False
5747,False
5748,False
5749,False
5750,False
5751,False
5752,False
5753,False
5754,False
5755,False
5756,False
5757,False
5758,False
5759,False
5760,False
5761,False
5762,False
5763,False
5764,False
5765,False
5766,False
5767,False
5768,False
5769,False
5770,False
5771,False
5772,False
5773,False
5774,False
5775,False
5776,False
5777,False
5778,False
5779,False
5780,False
5781,False
5782,False
5783,False
5784,False
5785,False
5786,False
5787,False
5788,False
5789,False
5790,False
5791,False
5792,False
5793,False
5794,False
5795,False
5796,False
5797,False
5798,False
5799,False
5800,False
5801,False
5802,False
5803,False
5804,False
5805,False
5806,False
5807,False
5808,False
5809,False
5810,False
5811,False
5812,False
5813,False
5814,False
5815,False
5816,False
5817,False
5818,False
5819,False
5820,False
5821,False
5822,False
5823,False
5824,False
5825,False
5826,False
5827,False
5828,False
5829,False
5830,False
5831,False
5832,False
5833,False
5834,False
5835,False
5836,False
5837,False
5838,False
5839,False
5840,False
5841,False
5842,False
5843,False
5844,False
5845,False
5846,False
5847,False
5848,False
5849,False
5850,False
5851,False
5852,False
5853,False
5854,False
5855,False
5856,False
5857,False
5858,False
5859,False
5860,False
5861,False
5862,False
5863,False
5864,False
5865,False
5866,False
5867,False
5868,False
5869,False
5870,False
5871,False
5872,False
5873,False
5874,False
5875,False
5876,False
5877,False
5878,False
5879,False
5880,False
5881,False
5882,False
5883,False
5884,False
5885,False
5886,False
5887,False
5888,False
5889,False
5890,False
5891,False
5892,False
5893,False
5894,False
5895,False
5896,False
5897,False
5898,False
5899,False
5900,False
5901,False
5902,False
5903,False
5904,False
5905,False
5906,False
5907,False
5908,False
5909,False
5910,False
5911,False
5912,False
5913,False
5914,False
5915,False
5916,False
5917,False
5918,False
5919,False
5920,False
5921,False
5922,False
5923,False
5924,False
5925,False
5926,False
5927,False
5928,False
5929,False
5930,False
5931,False
5932,False
5933,False
5934,False
5935,False
5936,False
5937,False
5938,False
5939,False
5940,False
5941,False
5942,False
5943,False
5944,False
5945,False
5946,False
5947,False
5948,False
5949,False
5950,False
5951,False
5952,False
5953,False
5954,False
5955,False
5956,False
5957,False
5958,False
5959,False
5960,False
5961,False
5962,False
5963,False
5964,False
5965,False
5966,False
5967,False
5968,False
5969,False
5970,False
5971,False
5972,False
5973,False
5974,False
5975,False
5976,False
5977,False
5978,False
5979,False
5980,False
5981,False
5982,False
5983,False
5984,False
5985,False
5986,False
5987,False
5988,False
5989,False
5990,False
5991,False
5992,False
5993,False
5994,False
5995,False
5996,False
5997,False
5998,False
5999,False
6000,False
6001,False
6002,False
6003,False
6004,False
6005,False
6006,False
6007,False
6008,False
6009,False
6010,False
6011,False
6012,False
6013,False
6014,False
6015,False
6016,False
6017,False
6018,False
6019,False
6020,False
6021,False
6022,False
6023,False
6024,False
6025,False
6026,False
6027,False
6028,False
6029,False
6030,False
6031,False
6032,False
6033,False
6034,False
6035,False
6036,False
6037,False
6038,False
6039,False
6040,False
6041,False
6042,False
6043,False
6044,False
6045,False
6046,False
6047,False
6048,False
6049,False
6050,False
6051,False
6052,False
6053,False
6054,False
6055,False
6056,False
6057,False
6058,False
6059,False
6060,False
6061,False
6062,False
6063,False
6064,False
6065,False
6066,False
6067,False
6068,False
6069,False
6070,False
6071,False
6072,False
6073,False
6074,False
6075,False
6076,False
6077,False
6078,False
6079,False
6080,False
6081,False
6082,False
6083,False
6084,False
6085,False
6086,False
6087,False
6088,False
6089,False
6090,False
6091,False
6092,False
6093,False
6094,False
6095,False
6096,False
6097,False
6098,False
6099,False
6100,False
6101,False
6102,False
6103,False
6104,False
6105,False
6106,False
6107,False
6108,False
6109,False
6110,False
6111,False
6112,False
6113,False
6114,False
6115,False
6116,False
6117,False
6118,False
6119,False
6120,False
6121,False
6122,False
6123,False
6124,False
6125,False
6126,False
6127,False
6128,False
6129,False
6130,False
6131,False
6132,False
6133,False
6134,False
6135,False
6136,False
6137,False
6138,False
6139,False
6140,False
6141,False
6142,False
6143,False
6144,False
6145,False
6146,False
6147,False
6148,False
6149,False
6150,False
6151,False
6152,False
6153,False
6154,False
6155,False
6156,False
6157,False
6158,False
6159,False
6160,False
6161,False
6162,False
6163,False
6164,False
6165,False
6166,False
6167,False
6168,False
6169,False
6170,False
6171,False
6172,False
6173,False
6174,False
6175,False
6176,False
6177,False
6178,False
6179,False
6180,False
6181,False
6182,False
6183,False
6184,False
6185,False
6186,False
6187,False
6188,False
6189,False
6190,False
6191,False
6192,False
6193,False
6194,False
6195,False
6196,False
6197,False
6198,False
6199,False
6200,False
6201,False
6202,False
6203,False
6204,False
6205,False
6206,False
6207,False
6208,False
6209,False
6210,False
6211,False
6212,False
6213,False
6214,False
6215,False
6216,False
6217,False
6218,False
6219,False
6220,False
6221,False
6222,False
6223,False
6224,False
6225,False
6226,False
6227,False
6228,False
6229,False
6230,False
6231,False
6232,False
6233,False
6234,False
6235,False
6236,False
6237,False
6238,False
6239,False
6240,False
6241,False
6242,False
6243,False
6244,False
6245,False
6246,False
6247,False
6248,False
6249,False
6250,False
6251,False
6252,False
6253,False
6254,False
6255,False
6256,False
6257,False
6258,False
6259,False
6260,False
6261,False
6262,False
6263,False
6264,False
6265,False
6266,False
6267,False
6268,False
6269,False
6270,False
6271,False
6272,False
6273,False
6274,False
6275,False
6276,False
6277,False
6278,False
6279,False
6280,False
6281,False
6282,False
6283,False
6284,False
6285,False
6286,False
6287,False
6288,False
6289,False
6290,False
6291,False
6292,False
6293,False
6294,False
6295,False
6296,False
6297,False
6298,False
6299,False
6300,False
6301,False
6302,False
6303,False
6304,False
6305,False
6306,False
6307,False
6308,False
6309,False
6310,False
6311,False
6312,False
6313,False
6314,False
6315,False
6316,False
6317,False
6318,False
6319,False
6320,False
6321,False
6322,False
6323,False
6324,False
6325,False
6326,False
6327,False
6328,False
6329,False
6330,False
6331,False
6332,False
6333,False
6334,False
6335,False
6336,False
6337,False
6338,False
6339,False
6340,False
6341,False
6342,False
6343,False
6344,False
6345,False
6346,False
6347,False
6348,False
6349,False
6350,False
6351,False
6352,False
6353,False
6354,False
6355,False
6356,False
6357,False
6358,False
6359,False
6360,False
6361,False
6362,False
6363,False
6364,False
6365,False
6366,False
6367,False
6368,False
6369,False
6370,False
6371,False
6372,False
6373,False
6374,False
6375,False
6376,False
6377,False
6378,False
6379,False
6380,False
6381,False
6382,False
6383,False
6384,False
6385,False
6386,False
6387,False
6388,False
6389,False
6390,False
6391,False
6392,False
6393,False
6394,False
6395,False
6396,False
6397,False
6398,False
6399,False
6400,False
6401,False
6402,False
6403,False
6404,False
6405,False
6406,False
6407,False
6408,False
6409,False
6410,False
6411,False
6412,False
6413,False
6414,False
6415,False
6416,False
6417,False
6418,False
6419,False
6420,False
6421,False
6422,False
6423,False
6424,False
6425,False
6426,False
6427,False
6428,False
6429,False
6430,False
6431,False
6432,False
6433,False
6434,False
6435,False
6436,False
6437,False
6438,False
6439,False
6440,False
6441,False
6442,False
6443,False
6444,False
6445,False
6446,False
6447,False
6448,False
6449,False
6450,False
6451,False
6452,False
6453,False
6454,False
6455,False
6456,False
6457,False
6458,False
6459,False
6460,False
6461,False
6462,False
6463,False
6464,False
6465,False
6466,False
6467,False
6468,False
6469,False
6470,False
6471,False
6472,False
6473,False
6474,False
6475,False
6476,False
6477,False
6478,False
6479,False
6480,False
6481,False
6482,False
6483,False
6484,False
6485,False
6486,False
6487,False
6488,False
6489,False
6490,False
6491,False
6492,False
6493,False
6494,False
6495,False
6496,False
6497,False
6498,False
6499,False
6500,False
6501,False
6502,False
6503,False
6504,False
6505,False
6506,False
6507,False
6508,False
6509,False
6510,False
6511,False
6512,False
6513,False
6514,False
6515,False
6516,False
6517,False
6518,False
6519,False
6520,False
6521,False
6522,False
6523,False
6524,False
6525,False
6526,False
6527,False
6528,False
6529,False
6530,False
6531,False
6532,False
6533,False
6534,False
6535,False
6536,False
6537,False
6538,False
6539,False
6540,False
6541,False
6542,False
6543,False
6544,False
6545,False
6546,False
6547,False
6548,False
6549,False
6550,False
6551,False
6552,False
6553,False
6554,False
6555,False
6556,False
6557,False
6558,False
6559,False
6560,False
6561,False
6562,False
6563,False
6564,False
6565,False
6566,False
6567,False
6568,False
6569,False
6570,False
6571,False
6572,False
6573,False
6574,False
6575,False
6576,False
6577,False
6578,False
6579,False
6580,False
6581,False
6582,False
6583,False
6584,False
6585,False
6586,False
6587,False
6588,False
6589,False
6590,False
6591,False
6592,False
6593,False
6594,False
6595,False
6596,False
6597,False
6598,False
6599,False
6600,False
6601,False
6602,False
6603,False
6604,False
6605,False
6606,False
6607,False
6608,False
6609,False
6610,False
6611,False
6612,False
6613,False
6614,False
6615,False
6616,False
6617,False
6618,False
6619,False
6620,False
6621,False
6622,False
6623,False
6624,False
6625,False
6626,False
6627,False
6628,False
6629,False
6630,False
6631,False
6632,False
6633,False
6634,False
6635,False
6636,False
6637,False
6638,False
6639,False
6640,False
6641,False
6642,False
6643,False
6644,False
6645,False
6646,False
6647,False
6648,False
6649,False
6650,False
6651,False
6652,False
6653,False
6654,False
6655,False
6656,False
6657,False
6658,False
6659,False
6660,False
6661,False
6662,False
6663,False
6664,False
6665,False
6666,False
6667,False
6668,False
6669,False
6670,False
6671,False
6672,False
6673,False
6674,False
6675,False
6676,False
6677,False
6678,False
6679,False
6680,False
6681,False
6682,False
6683,False
6684,False
6685,False
6686,False
6687,False
6688,False
6689,False
6690,False
6691,False
6692,False
6693,False
6694,False
6695,False
6696,False
6697,False
6698,False
6699,False
6700,False
6701,False
6702,False
6703,False
6704,False
6705,False
6706,False
6707,False
6708,False
6709,False
6710,False
6711,False
6712,False
6713,False
6714,False
6715,False
6716,False
6717,False
6718,False
6719,False
6720,False
6721,False
6722,False
6723,False
6724,False
6725,False
6726,False
6727,False
6728,False
6729,False
6730,False
6731,False
6732,False
6733,False
6734,False
6735,False
6736,False
6737,False
6738,False
6739,False
6740,False
6741,False
6742,False
6743,False
6744,False
6745,False
6746,False
6747,False
6748,False
6749,False
6750,False
6751,False
6752,False
6753,False
6754,False
6755,False
6756,False
6757,False
6758,False
6759,False
6760,False
6761,False
6762,False
6763,False
6764,False
6765,False
6766,False
6767,False
6768,False
6769,False
6770,False
6771,False
6772,False
6773,False
6774,False
6775,False
6776,False
6777,False
6778,False
6779,False
6780,False
6781,False
6782,False
6783,False
6784,False
6785,False
6786,False
6787,False
6788,False
6789,False
6790,False
6791,False
6792,False
6793,False
6794,False
6795,False
6796,False
6797,False
6798,False
6799,False
6800,False
6801,False
6802,False
6803,False
6804,False
6805,False
6806,False
6807,False
6808,False
6809,False
6810,False
6811,False
6812,False
6813,False
6814,False
6815,False
6816,False
6817,False
6818,False
6819,False
6820,False
6821,False
6822,False
6823,False
6824,False
6825,False
6826,False
6827,False
6828,False
6829,False
6830,False
6831,False
6832,False
6833,False
6834,False
6835,False
6836,False
6837,False
6838,False
6839,False
6840,False
6841,False
6842,False
6843,False
6844,False
6845,False
6846,False
6847,False
6848,False
6849,False
6850,False
6851,False
6852,False
6853,False
6854,False
6855,False
6856,False
6857,False
6858,False
6859,False
6860,False
6861,False
6862,False
6863,False
6864,False
6865,False
6866,False
6867,False
6868,False
6869,False
6870,False
6871,False
6872,False
6873,False
6874,False
6875,False
6876,False
6877,False
6878,False
6879,False
6880,False
6881,False
6882,False
6883,False
6884,False
6885,False
6886,False
6887,False
6888,False
6889,False
6890,False
6891,False
6892,False
6893,False
6894,False
6895,False
6896,False
6897,False
6898,False
6899,False
6900,False
6901,False
6902,False
6903,False
6904,False
6905,False
6906,False
6907,False
6908,False
6909,False
6910,False
6911,False
6912,False
6913,False
6914,False
6915,False
6916,False
6917,False
6918,False
6919,False
6920,False
6921,False
6922,False
6923,False
6924,False
6925,False
6926,False
6927,False
6928,False
6929,False
6930,False
6931,False
6932,False
6933,False
6934,False
6935,False
6936,False
6937,False
6938,False
6939,False
6940,False
6941,False
6942,False
6943,False
6944,False
6945,False
6946,False
6947,False
6948,False
6949,False
6950,False
6951,False
6952,False
6953,False
6954,False
6955,False
6956,False
6957,False
6958,False
6959,False
6960,False
6961,False
6962,False
6963,False
6964,False
6965,False
6966,False
6967,False
6968,False
6969,False
6970,False
6971,False
6972,False
6973,False
6974,False
6975,False
6976,False
6977,False
6978,False
6979,False
6980,False
6981,False
6982,False
6983,False
6984,False
6985,False
6986,False
6987,False
6988,False
6989,False
6990,False
6991,False
6992,False
6993,False
6994,False
6995,False
6996,False
6997,False
6998,False
6999,False
7000,False
7001,False
7002,False
7003,False
7004,False
7005,False
7006,False
7007,False
7008,False
7009,False
7010,False
7011,False
7012,False
7013,False
7014,False
7015,False
7016,False
7017,False
7018,False
7019,False
7020,False
7021,False
7022,False
7023,False
7024,False
7025,False
7026,False
7027,False
7028,False
7029,False
7030,False
7031,False
7032,False
7033,False
7034,False
7035,False
7036,False
7037,False
7038,False
7039,False
7040,False
7041,False
7042,False
7043,False
7044,False
7045,False
7046,False
7047,False
7048,False
7049,False
7050,False
7051,False
7052,False
7053,False
7054,False
7055,False
7056,False
7057,False
7058,False
7059,False
7060,False
7061,False
7062,False
7063,False
7064,False
7065,False
7066,False
7067,False
7068,False
7069,False
7070,False
7071,False
7072,False
7073,False
7074,False
7075,False
7076,False
7077,False
7078,False
7079,False
7080,False
7081,False
7082,False
7083,False
7084,False
7085,False
7086,False
7087,False
7088,False
7089,False
7090,False
7091,False
7092,False
7093,False
7094,False
7095,False
7096,False
7097,False
7098,False
7099,False
7100,False
7101,False
7102,False
7103,False
7104,False
7105,False
7106,False
7107,False
7108,False
7109,False
7110,False
7111,False
7112,False
7113,False
7114,False
7115,False
7116,False
7117,False
7118,False
7119,False
7120,False
7121,False
7122,False
7123,False
7124,False
7125,False
7126,False
7127,False
7128,False
7129,False
7130,False
7131,False
7132,False
7133,False
7134,False
7135,False
7136,False
7137,False
7138,False
7139,False
7140,False
7141,False
7142,False
7143,False
7144,False
7145,False
7146,False
7147,False
7148,False
7149,False
7150,False
7151,False
7152,False
7153,False
7154,False
7155,False
7156,False
7157,False
7158,False
7159,False
7160,False
7161,False
7162,False
7163,False
7164,False
7165,False
7166,False
7167,False
7168,False
7169,False
7170,False
7171,False
7172,False
7173,False
7174,False
7175,False
7176,False
7177,False
7178,False
7179,False
7180,False
7181,False
7182,False
7183,False
7184,False
7185,False
7186,False
7187,False
7188,False
7189,False
7190,False
7191,False
7192,False
7193,False
7194,False
7195,False
7196,False
7197,False
7198,False
7199,False
7200,False
7201,False
7202,False
7203,False
7204,False
7205,False
7206,False
7207,False
7208,False
7209,False
7210,False
7211,False
7212,False
7213,False
7214,False
7215,False
7216,False
7217,False
7218,False
7219,False
7220,False
7221,False
7222,False
7223,False
7224,False
7225,False
7226,False
7227,False
7228,False
7229,False
7230,False
7231,False
7232,False
7233,False
7234,False
7235,False
7236,False
7237,False
7238,False
7239,False
7240,False
7241,False
7242,False
7243,False
7244,False
7245,False
7246,False
7247,False
7248,False
7249,False
7250,False
7251,False
7252,False
7253,False
7254,False
7255,False
7256,False
7257,False
7258,False
7259,False
7260,False
7261,False
7262,False
7263,False
7264,False
7265,False
7266,False
7267,False
7268,False
7269,False
7270,False
7271,False
7272,False
7273,False
7274,False
7275,False
7276,False
7277,False
7278,False
7279,False
7280,False
7281,False
7282,False
7283,False
7284,False
7285,False
7286,False
7287,False
7288,False
7289,False
7290,False
7291,False
7292,False
7293,False
7294,False
7295,False
7296,False
7297,False
7298,False
7299,False
7300,False
7301,False
7302,False
7303,False
7304,False
7305,False
7306,False
7307,False
7308,False
7309,False
7310,False
7311,False
7312,False
7313,False
7314,False
7315,False
7316,False
7317,False
7318,False
7319,False
7320,False
7321,False
7322,False
7323,False
7324,False
7325,False
7326,False
7327,False
7328,False
7329,False
7330,False
7331,False
7332,False
7333,False
7334,False
7335,False
7336,False
7337,False
7338,False
7339,False
7340,False
7341,False
7342,False
7343,False
7344,False
7345,False
7346,False
7347,False
7348,False
7349,False
7350,False
7351,False
7352,False
7353,False
7354,False
7355,False
7356,False
7357,False
7358,False
7359,False
7360,False
7361,False
7362,False
7363,False
7364,False
7365,False
7366,False
7367,False
7368,False
7369,False
7370,False
7371,False
7372,False
7373,False
7374,False
7375,False
7376,False
7377,False
7378,False
7379,False
7380,False
7381,False
7382,False
7383,False
7384,False
7385,False
7386,False
7387,False
7388,False
7389,False
7390,False
7391,False
7392,False
7393,False
7394,False
7395,False
7396,False
7397,False
7398,False
7399,False
7400,False
7401,False
7402,False
7403,False
7404,False
7405,False
7406,False
7407,False
7408,False
7409,False
7410,False
7411,False
7412,False
7413,False
7414,False
7415,False
7416,False
7417,False
7418,False
7419,False
7420,False
7421,False
7422,False
7423,False
7424,False
7425,False
7426,False
7427,False
7428,False
7429,False
7430,False
7431,False
7432,False
7433,False
7434,False
7435,False
7436,False
7437,False
7438,False
7439,False
7440,False
7441,False
7442,False
7443,False
7444,False
7445,False
7446,False
7447,False
7448,False
7449,False
7450,False
7451,False
7452,False
7453,False
7454,False
7455,False
7456,False
7457,False
7458,False
7459,False
7460,False
7461,False
7462,False
7463,False
7464,False
7465,False
7466,False
7467,False
7468,False
7469,False
7470,False
7471,False
7472,False
7473,False
7474,False
7475,False
7476,False
7477,False
7478,False
7479,False
7480,False
7481,False
7482,False
7483,False
7484,False
7485,False
7486,False
7487,False
7488,False
7489,False
7490,False
7491,False
7492,False
7493,False
7494,False
7495,False
7496,False
7497,False
7498,False
7499,False
7500,False
7501,False
7502,False
7503,False
7504,False
7505,False
7506,False
7507,False
7508,False
7509,False
7510,False
7511,False
7512,False
7513,False
7514,False
7515,False
7516,False
7517,False
7518,False
7519,False
7520,False
7521,False
7522,False
7523,False
7524,False
7525,False
7526,False
7527,False
7528,False
7529,False
7530,False
7531,False
7532,False
7533,False
7534,False
7535,False
7536,False
7537,False
7538,False
7539,False
7540,False
7541,False
7542,False
7543,False
7544,False
7545,False
7546,False
7547,False
7548,False
7549,False
7550,False
7551,False
7552,False
7553,False
7554,False
7555,False
7556,False
7557,False
7558,False
7559,False
7560,False
7561,False
7562,False
7563,False
7564,False
7565,False
7566,False
7567,False
7568,False
7569,False
7570,False
7571,False
7572,False
7573,False
7574,False
7575,False
7576,False
7577,False
7578,False
7579,False
7580,False
7581,False
7582,False
7583,False
7584,False
7585,False
7586,False
7587,False
7588,False
7589,False
7590,False
7591,False
7592,False
7593,False
7594,False
7595,False
7596,False
7597,False
7598,False
7599,False
7600,False
7601,False
7602,False
7603,False
7604,False
7605,False
7606,False
7607,False
7608,False
7609,False
7610,False
7611,False
7612,False
7613,False
7614,False
7615,False
7616,False
7617,False
7618,False
7619,False
7620,False
7621,False
7622,False
7623,False
7624,False
7625,False
7626,False
7627,False
7628,False
7629,False
7630,False
7631,False
7632,False
7633,False
7634,False
7635,False
7636,False
7637,False
7638,False
7639,False
7640,False
7641,False
7642,False
7643,False
7644,False
7645,False
7646,False
7647,False
7648,False
7649,False
7650,False
7651,False
7652,False
7653,False
7654,False
7655,False
7656,False
7657,False
7658,False
7659,False
7660,False
7661,False
7662,False
7663,False
7664,False
7665,False
7666,False
7667,False
7668,False
7669,False
7670,False
7671,False
7672,False
7673,False
7674,False
7675,False
7676,False
7677,False
7678,False
7679,False
7680,False
7681,False
7682,False
7683,False
7684,False
7685,False
7686,False
7687,False
7688,False
7689,False
7690,False
7691,False
7692,False
7693,False
7694,False
7695,False
7696,False
7697,False
7698,False
7699,False
7700,False
7701,False
7702,False
7703,False
7704,False
7705,False
7706,False
7707,False
7708,False
7709,False
7710,False
7711,False
7712,False
7713,False
7714,False
7715,False
7716,False
7717,False
7718,False
7719,False
7720,False
7721,False
7722,False
7723,False
7724,False
7725,False
7726,False
7727,False
7728,False
7729,False
7730,False
7731,False
7732,False
7733,False
7734,False
7735,False
7736,False
7737,False
7738,False
7739,False
7740,False
7741,False
7742,False
7743,False
7744,False
7745,False
7746,False
7747,False
7748,False
7749,False
7750,False
7751,False
7752,False
7753,False
7754,False
7755,False
7756,False
7757,False
7758,False
7759,False
7760,False
7761,False
7762,False
7763,False
7764,False
7765,False
7766,False
7767,False
7768,False
7769,False
7770,False
7771,False
7772,False
7773,False
7774,False
7775,False
7776,False
7777,False
7778,False
7779,False
7780,False
7781,False
7782,False
7783,False
7784,False
7785,False
7786,False
7787,False
7788,False
7789,False
7790,False
7791,False
7792,False
7793,False
7794,False
7795,False
7796,False
7797,False
7798,False
7799,False
7800,False
7801,False
7802,False
7803,False
7804,False
7805,False
7806,False
7807,False
7808,False
7809,False
7810,False
7811,False
7812,False
7813,False
7814,False
7815,False
7816,False
7817,False
7818,False
7819,False
7820,False
7821,False
7822,False
7823,False
7824,False
7825,False
7826,False
7827,False
7828,False
7829,False
7830,False
7831,False
7832,False
7833,False
7834,False
7835,False
7836,False
7837,False
7838,False
7839,False
7840,False
7841,False
7842,False
7843,False
7844,False
7845,False
7846,False
7847,False
7848,False
7849,False
7850,False
7851,False
7852,False
7853,False
7854,False
7855,False
7856,False
7857,False
7858,False
7859,False
7860,False
7861,False
7862,False
7863,False
7864,False
7865,False
7866,False
7867,False
7868,False
7869,False
7870,False
7871,False
7872,False
7873,False
7874,False
7875,False
7876,False
7877,False
7878,False
7879,False
7880,False
7881,False
7882,False
7883,False
7884,False
7885,False
7886,False
7887,False
7888,False
7889,False
7890,False
7891,False
7892,False
7893,False
7894,False
7895,False
7896,False
7897,False
7898,False
7899,False
7900,False
7901,False
7902,False
7903,False
7904,False
7905,False
7906,False
7907,False
7908,False
7909,False
7910,False
7911,False
7912,False
7913,False
7914,False
7915,False
7916,False
7917,False
7918,False
7919,False
7920,False
7921,False
7922,False
7923,False
7924,False
7925,False
7926,False
7927,False
7928,False
7929,False
7930,False
7931,False
7932,False
7933,False
7934,False
7935,False
7936,False
7937,False
7938,False
7939,False
7940,False
7941,False
7942,False
7943,False
7944,False
7945,False
7946,False
7947,False
7948,False
7949,False
7950,False
7951,False
7952,False
7953,False
7954,False
7955,False
7956,False
7957,False
7958,False
7959,False
7960,False
7961,False
7962,False
7963,False
7964,False
7965,False
7966,False
7967,False
7968,False
7969,False
7970,False
7971,False
7972,False
7973,False
7974,False
7975,False
7976,False
7977,False
7978,False
7979,False
7980,False
7981,False
7982,False
7983,False
7984,False
7985,False
7986,False
7987,False
7988,False
7989,False
7990,False
7991,False
7992,False
7993,False
7994,False
7995,False
7996,False
7997,False
7998,False
7999,False
8000,False
8001,False
8002,False
8003,False
8004,False
8005,False
8006,False
8007,False
8008,False
8009,False
8010,False
8011,False
8012,False
8013,False
8014,False
8015,False
8016,False
8017,False
8018,False
8019,False
8020,False
8021,False
8022,False
8023,False
8024,False
8025,False
8026,False
8027,False
8028,False
8029,False
8030,False
8031,False
8032,False
8033,False
8034,False
8035,False
8036,False
8037,False
8038,False
8039,False
8040,False
8041,False
8042,False
8043,False
8044,False
8045,False
8046,False
8047,False
8048,False
8049,False
8050,False
8051,False
8052,False
8053,False
8054,False
8055,False
8056,False
8057,False
8058,False
8059,False
8060,False
8061,False
8062,False
8063,False
8064,False
8065,False
8066,False
8067,False
8068,False
8069,False
8070,False
8071,False
8072,False
8073,False
8074,False
8075,False
8076,False
8077,False
8078,False
8079,False
8080,False
8081,False
8082,False
8083,False
8084,False
8085,False
8086,False
8087,False
8088,False
8089,False
8090,False
8091,False
8092,False
8093,False
8094,False
8095,False
8096,False
8097,False
8098,False
8099,False
8100,False
8101,False
8102,False
8103,False
8104,False
8105,False
8106,False
8107,False
8108,False
8109,False
8110,False
8111,False
8112,False
8113,False
8114,False
8115,False
8116,False
8117,False
8118,False
8119,False
8120,False
8121,False
8122,False
8123,False
8124,False
8125,False
8126,False
8127,False
8128,False
8129,False
8130,False
8131,False
8132,False
8133,False
8134,False
8135,False
8136,False
8137,False
8138,False
8139,False
8140,False
8141,False
8142,False
8143,False
8144,False
8145,False
8146,False
8147,False
8148,False
8149,False
8150,False
8151,False
8152,False
8153,False
8154,False
8155,False
8156,False
8157,False
8158,False
8159,False
8160,False
8161,False
8162,False
8163,False
8164,False
8165,False
8166,False
8167,False
8168,False
8169,False
8170,False
8171,False
8172,False
8173,False
8174,False
8175,False
8176,False
8177,False
8178,False
8179,False
8180,False
8181,False
8182,False
8183,False
8184,False
8185,False
8186,False
8187,False
8188,False
8189,False
8190,False
8191,False
8192,False
8193,False
8194,False
8195,False
8196,False
8197,False
8198,False
8199,False
8200,False
8201,False
8202,False
8203,False
8204,False
8205,False
8206,False
8207,False
8208,False
8209,False
8210,False
8211,False
8212,False
8213,False
8214,False
8215,False
8216,False
8217,False
8218,False
8219,False
8220,False
8221,False
8222,False
8223,False
8224,False
8225,False
8226,False
8227,False
8228,False
8229,False
8230,False
8231,False
8232,False
8233,False
8234,False
8235,False
8236,False
8237,False
8238,False
8239,False
8240,False
8241,False
8242,False
8243,False
8244,False
8245,False
8246,False
8247,False
8248,False
8249,False
8250,False
8251,False
8252,False
8253,False
8254,False
8255,False
8256,False
8257,False
8258,False
8259,False
8260,False
8261,False
8262,False
8263,False
8264,False
8265,False
8266,False
8267,False
8268,False
8269,False
8270,False
8271,False
8272,False
8273,False
8274,False
8275,False
8276,False
8277,False
8278,False
8279,False
8280,False
8281,False
8282,False
8283,False
8284,False
8285,False
8286,False
8287,False
8288,False
8289,False
8290,False
8291,False
8292,False
8293,False
8294,False
8295,False
8296,False
8297,False
8298,False
8299,False
8300,False
8301,False
8302,False
8303,False
8304,False
8305,False
8306,False
8307,False
8308,False
8309,False
8310,False
8311,False
8312,False
8313,False
8314,False
8315,False
8316,False
8317,False
8318,False
8319,False
8320,False
8321,False
8322,False
8323,False
8324,False
8325,False
8326,False
8327,False
8328,False
8329,False
8330,False
8331,False
8332,False
8333,False
8334,False
8335,False
8336,False
8337,False
8338,False
8339,False
8340,False
8341,False
8342,False
8343,False
8344,False
8345,False
8346,False
8347,False
8348,False
8349,False
8350,False
8351,False
8352,False
8353,False
8354,False
8355,False
8356,False
8357,False
8358,False
8359,False
8360,False
8361,False
8362,False
8363,False
8364,False
8365,False
8366,False
8367,False
8368,False
8369,False
8370,False
8371,False
8372,False
8373,False
8374,False
8375,False
8376,False
8377,False
8378,False
8379,False
8380,False
8381,False
8382,False
8383,False
8384,False
8385,False
8386,False
8387,False
8388,False
8389,False
8390,False
8391,False
8392,False
8393,False
8394,False
8395,False
8396,False
8397,False
8398,False
8399,False
8400,False
8401,False
8402,False
8403,False
8404,False
8405,False
8406,False
8407,False
8408,False
8409,False
8410,False
8411,False
8412,False
8413,False
8414,False
8415,False
8416,False
8417,False
8418,False
8419,False
8420,False
8421,False
8422,False
8423,False
8424,False
8425,False
8426,False
8427,False
8428,False
8429,False
8430,False
8431,False
8432,False
8433,False
8434,False
8435,False
8436,False
8437,False
8438,False
8439,False
8440,False
8441,False
8442,False
8443,False
8444,False
8445,False
8446,False
8447,False
8448,False
8449,False
8450,False
8451,False
8452,False
8453,False
8454,False
8455,False
8456,False
8457,False
8458,False
8459,False
8460,False
8461,False
8462,False
8463,False
8464,False
8465,False
8466,False
8467,False
8468,False
8469,False
8470,False
8471,False
8472,False
8473,False
8474,False
8475,False
8476,False
8477,False
8478,False
8479,False
8480,False
8481,False
8482,False
8483,False
8484,False
8485,False
8486,False
8487,False
8488,False
8489,False
8490,False
8491,False
8492,False
8493,False
8494,False
8495,False
8496,False
8497,False
8498,False
8499,False
8500,False
8501,False
8502,False
8503,False
8504,False
8505,False
8506,False
8507,False
8508,False
8509,False
8510,False
8511,False
8512,False
8513,False
8514,False
8515,False
8516,False
8517,False
8518,False
8519,False
8520,False
8521,False
8522,False
8523,False
8524,False
8525,False
8526,False
8527,False
8528,False
8529,False
8530,False
8531,False
8532,False
8533,False
8534,False
8535,False
8536,False
8537,False
8538,False
8539,False
8540,False
8541,False
8542,False
8543,False
8544,False
8545,False
8546,False
8547,False
8548,False
8549,False
8550,False
8551,False
8552,False
8553,False
8554,False
8555,False
8556,False
8557,False
8558,False
8559,False
8560,False
8561,False
8562,False
8563,False
8564,False
8565,False
8566,False
8567,False
8568,False
8569,False
8570,False
8571,False
8572,False
8573,False
8574,False
8575,False
8576,False
8577,False
8578,False
8579,False
8580,False
8581,False
8582,False
8583,False
8584,False
8585,False
8586,False
8587,False
8588,False
8589,False
8590,False
8591,False
8592,False
8593,False
8594,False
8595,False
8596,False
8597,False
8598,False
8599,False
8600,False
8601,False
8602,False
8603,False
8604,False
8605,False
8606,False
8607,False
8608,False
8609,False
8610,False
8611,False
8612,False
8613,False
8614,False
8615,False
8616,False
8617,False
8618,False
8619,False
8620,False
8621,False
8622,False
8623,False
8624,False
8625,False
8626,False
8627,False
8628,False
8629,False
8630,False
8631,False
8632,False
8633,False
8634,False
8635,False
8636,False
8637,False
8638,False
8639,False
8640,False
8641,False
8642,False
8643,False
8644,False
8645,False
8646,False
8647,False
8648,False
8649,False
8650,False
8651,False
8652,False
8653,False
8654,False
8655,False
8656,False
8657,False
8658,False
8659,False
8660,False
8661,False
8662,False
8663,False
8664,False
8665,False
8666,False
8667,False
8668,False
8669,False
8670,False
8671,False
8672,False
8673,False
8674,False
8675,False
8676,False
8677,False
8678,False
8679,False
8680,False
8681,False
8682,False
8683,False
8684,False
8685,False
8686,False
8687,False
8688,False
8689,False
8690,False
8691,False
8692,False
8693,False
8694,False
8695,False
8696,False
8697,False
8698,False
8699,False
8700,False
8701,False
8702,False
8703,False
8704,False
8705,False
8706,False
8707,False
8708,False
8709,False
8710,False
8711,False
8712,False
8713,False
8714,False
8715,False
8716,False
8717,False
8718,False
8719,False
8720,False
8721,False
8722,False
8723,False
8724,False
8725,False
8726,False
8727,False
8728,False
8729,False
8730,False
8731,False
8732,False
8733,False
8734,False
8735,False
8736,False
8737,False
8738,False
8739,False
8740,False
8741,False
8742,False
8743,False
8744,False
8745,False
8746,False
8747,False
8748,False
8749,False
8750,False
8751,False
8752,False
8753,False
8754,False
8755,False
8756,False
8757,False
8758,False
8759,False
8760,False
8761,False
8762,False
8763,False
8764,False
8765,False
8766,False
8767,False
8768,False
8769,False
8770,False
8771,False
8772,False
8773,False
8774,False
8775,False
8776,False
8777,False
8778,False
8779,False
8780,False
8781,False
8782,False
8783,False
8784,False
8785,False
8786,False
8787,False
8788,False
8789,False
8790,False
8791,False
8792,False
8793,False
8794,False
8795,False
8796,False
8797,False
8798,False
8799,False
8800,False
8801,False
8802,False
8803,False
8804,False
8805,False
8806,False
8807,False
8808,False
8809,False
8810,False
8811,False
8812,False
8813,False
8814,False
8815,False
8816,False
8817,False
8818,False
8819,False
8820,False
8821,False
8822,False
8823,False
8824,False
8825,False
8826,False
8827,False
8828,False
8829,False
8830,False
8831,False
8832,False
8833,False
8834,False
8835,False
8836,False
8837,False
8838,False
8839,False
8840,False
8841,False
8842,False
8843,False
8844,False
8845,False
8846,False
8847,False
8848,False
8849,False
8850,False
8851,False
8852,False
8853,False
8854,False
8855,False
8856,False
8857,False
8858,False
8859,False
8860,False
8861,False
8862,False
8863,False
8864,False
8865,False
8866,False
8867,False
8868,False
8869,False
8870,False
8871,False
8872,False
8873,False
8874,False
8875,False
8876,False
8877,False
8878,False
8879,False
8880,False
8881,False
8882,False
8883,False
8884,False
8885,False
8886,False
8887,False
8888,False
8889,False
8890,False
8891,False
8892,False
8893,False
8894,False
8895,False
8896,False
8897,False
8898,False
8899,False
8900,False
8901,False
8902,False
8903,False
8904,False
8905,False
8906,False
8907,False
8908,False
8909,False
8910,False
8911,False
8912,False
8913,False
8914,False
8915,False
8916,False
8917,False
8918,False
8919,False
8920,False
8921,False
8922,False
8923,False
8924,False
8925,False
8926,False
8927,False
8928,False
8929,False
8930,False
8931,False
8932,False
8933,False
8934,False
8935,False
8936,False
8937,False
8938,False
8939,False
8940,False
8941,False
8942,False
8943,False
8944,False
8945,False
8946,False
8947,False
8948,False
8949,False
8950,False
8951,False
8952,False
8953,False
8954,False
8955,False
8956,False
8957,False
8958,False
8959,False
8960,False
8961,False
8962,False
8963,False
8964,False
8965,False
8966,False
8967,False
8968,False
8969,False
8970,False
8971,False
8972,False
8973,False
8974,False
8975,False
8976,False
8977,False
8978,False
8979,False
8980,False
8981,False
8982,False
8983,False
8984,False
8985,False
8986,False
8987,False
8988,False
8989,False
8990,False
8991,False
8992,False
8993,False
8994,False
8995,False
8996,False
8997,False
8998,False
8999,False
9000,False
9001,False
9002,False
9003,False
9004,False
9005,False
9006,False
9007,False
9008,False
9009,False
9010,False
9011,False
9012,False
9013,False
9014,False
9015,False
9016,False
9017,False
9018,False
9019,False
9020,False
9021,False
9022,False
9023,False
9024,False
9025,False
9026,False
9027,False
9028,False
9029,False
9030,False
9031,False
9032,False
9033,False
9034,False
9035,False
9036,False
9037,False
9038,False
9039,False
9040,False
9041,False
9042,False
9043,False
9044,False
9045,False
9046,False
9047,False
9048,False
9049,False
9050,False
9051,False
9052,False
9053,False
9054,False
9055,False
9056,False
9057,False
9058,False
9059,False
9060,False
9061,False
9062,False
9063,False
9064,False
9065,False
9066,False
9067,False
9068,False
9069,False
9070,False
9071,False
9072,False
9073,False
9074,False
9075,False
9076,False
9077,False
9078,False
9079,False
9080,False
9081,False
9082,False
9083,False
9084,False
9085,False
9086,False
9087,False
9088,False
9089,False
9090,False
9091,False
9092,False
9093,False
9094,False
9095,False
9096,False
9097,False
9098,False
9099,False
9100,False
9101,False
9102,False
9103,False
9104,False
9105,False
9106,False
9107,False
9108,False
9109,False
9110,False
9111,False
9112,False
9113,False
9114,False
9115,False
9116,False
9117,False
9118,False
9119,False
9120,False
9121,False
9122,False
9123,False
9124,False
9125,False
9126,False
9127,False
9128,False
9129,False
9130,False
9131,False
9132,False
9133,False
9134,False
9135,False
9136,False
9137,False
9138,False
9139,False
9140,False
9141,False
9142,False
9143,False
9144,False
9145,False
9146,False
9147,False
9148,False
9149,False
9150,False
9151,False
9152,False
9153,False
9154,False
9155,False
9156,False
9157,False
9158,False
9159,False
9160,False
9161,False
9162,False
9163,False
9164,False
9165,False
9166,False
9167,False
9168,False
9169,False
9170,False
9171,False
9172,False
9173,False
9174,False
9175,False
9176,False
9177,False
9178,False
9179,False
9180,False
9181,False
9182,False
9183,False
9184,False
9185,False
9186,False
9187,False
9188,False
9189,False
9190,False
9191,False
9192,False
9193,False
9194,False
9195,False
9196,False
9197,False
9198,False
9199,False
9200,False
9201,False
9202,False
9203,False
9204,False
9205,False
9206,False
9207,False
9208,False
9209,False
9210,False
9211,False
9212,False
9213,False
9214,False
9215,False
9216,False
9217,False
9218,False
9219,False
9220,False
9221,False
9222,False
9223,False
9224,False
9225,False
9226,False
9227,False
9228,False
9229,False
9230,False
9231,False
9232,False
9233,False
9234,False
9235,False
9236,False
9237,False
9238,False
9239,False
9240,False
9241,False
9242,False
9243,False
9244,False
9245,False
9246,False
9247,False
9248,False
9249,False
9250,False
9251,False
9252,False
9253,False
9254,False
9255,False
9256,False
9257,False
9258,False
9259,False
9260,False
9261,False
9262,False
9263,False
9264,False
9265,False
9266,False
9267,False
9268,False
9269,False
9270,False
9271,False
9272,False
9273,False
9274,False
9275,False
9276,False
9277,False
9278,False
9279,False
9280,False
9281,False
9282,False
9283,False
9284,False
9285,False
9286,False
9287,False
9288,False
9289,False
9290,False
9291,False
9292,False
9293,False
9294,False
9295,False
9296,False
9297,False
9298,False
9299,False
9300,False
9301,False
9302,False
9303,False
9304,False
9305,False
9306,False
9307,False
9308,False
9309,False
9310,False
9311,False
9312,False
9313,False
9314,False
9315,False
9316,False
9317,False
9318,False
9319,False
9320,False
9321,False
9322,False
9323,False
9324,False
9325,False
9326,False
9327,False
9328,False
9329,False
9330,False
9331,False
9332,False
9333,False
9334,False
9335,False
9336,False
9337,False
9338,False
9339,False
9340,False
9341,False
9342,False
9343,False
9344,False
9345,False
9346,False
9347,False
9348,False
9349,False
9350,False
9351,False
9352,False
9353,False
9354,False
9355,False
9356,False
9357,False
9358,False
9359,False
9360,False
9361,False
9362,False
9363,False
9364,False
9365,False
9366,False
9367,False
9368,False
9369,False
9370,False
9371,False
9372,False
9373,False
9374,False
9375,False
9376,False
9377,False
9378,False
9379,False
9380,False
9381,False
9382,False
9383,False
9384,False
9385,False
9386,False
9387,False
9388,False
9389,False
9390,False
9391,False
9392,False
9393,False
9394,False
9395,False
9396,False
9397,False
9398,False
9399,False
9400,False
9401,False
9402,False
9403,False
9404,False
9405,False
9406,False
9407,False
9408,False
9409,False
9410,False
9411,False
9412,False
9413,False
9414,False
9415,False
9416,False
9417,False
9418,False
9419,False
9420,False
9421,False
9422,False
9423,False
9424,False
9425,False
9426,False
9427,False
9428,False
9429,False
9430,False
9431,False
9432,False
9433,False
9434,False
9435,False
9436,False
9437,False
9438,False
9439,False
9440,False
9441,False
9442,False
9443,False
9444,False
9445,False
9446,False
9447,False
9448,False
9449,False
9450,False
9451,False
9452,False
9453,False
9454,False
9455,False
9456,False
9457,False
9458,False
9459,False
9460,False
9461,False
9462,False
9463,False
9464,False
9465,False
9466,False
9467,False
9468,False
9469,False
9470,False
9471,False
9472,False
9473,False
9474,False
9475,False
9476,False
9477,False
9478,False
9479,False
9480,False
9481,False
9482,False
9483,False
9484,False
9485,False
9486,False
9487,False
9488,False
9489,False
9490,False
9491,False
9492,False
9493,False
9494,False
9495,False
9496,False
9497,False
9498,False
9499,False
9500,False
9501,False
9502,False
9503,False
9504,False
9505,False
9506,False
9507,False
9508,False
9509,False
9510,False
9511,False
9512,False
9513,False
9514,False
9515,False
9516,False
9517,False
9518,False
9519,False
9520,False
9521,False
9522,False
9523,False
9524,False
9525,False
9526,False
9527,False
9528,False
9529,False
9530,False
9531,False
9532,False
9533,False
9534,False
9535,False
9536,False
9537,False
9538,False
9539,False
9540,False
9541,False
9542,False
9543,False
9544,False
9545,False
9546,False
9547,False
9548,False
9549,False
9550,False
9551,False
9552,False
9553,False
9554,False
9555,False
9556,False
9557,False
9558,False
9559,False
9560,False
9561,False
9562,False
9563,False
9564,False
9565,False
9566,False
9567,False
9568,False
9569,False
9570,False
9571,False
9572,False
9573,False
9574,False
9575,False
9576,False
9577,False
9578,False
9579,False
9580,False
9581,False
9582,False
9583,False
9584,False
9585,False
9586,False
9587,False
9588,False
9589,False
9590,False
9591,False
9592,False
9593,False
9594,False
9595,False
9596,False
9597,False
9598,False
9599,False
9600,False
9601,False
9602,False
9603,False
9604,False
9605,False
9606,False
9607,False
9608,False
9609,False
9610,False
9611,False
9612,False
9613,False
9614,False
9615,False
9616,False
9617,False
9618,False
9619,False
9620,False
9621,False
9622,False
9623,False
9624,False
9625,False
9626,False
9627,False
9628,False
9629,False
9630,False
9631,False
9632,False
9633,False
9634,False
9635,False
9636,False
9637,False
9638,False
9639,False
9640,False
9641,False
9642,False
9643,False
9644,False
9645,False
9646,False
9647,False
9648,False
9649,False
9650,False
9651,False
9652,False
9653,False
9654,False
9655,False
9656,False
9657,False
9658,False
9659,False
9660,False
9661,False
9662,False
9663,False
9664,False
9665,False
9666,False
9667,False
9668,False
9669,False
9670,False
9671,False
9672,False
9673,False
9674,False
9675,False
9676,False
9677,False
9678,False
9679,False
9680,False
9681,False
9682,False
9683,False
9684,False
9685,False
9686,False
9687,False
9688,False
9689,False
9690,False
9691,False
9692,False
9693,False
9694,False
9695,False
9696,False
9697,False
9698,False
9699,False
9700,False
9701,False
9702,False
9703,False
9704,False
9705,False
9706,False
9707,False
9708,False
9709,False
9710,False
9711,False
9712,False
9713,False
9714,False
9715,False
9716,False
9717,False
9718,False
9719,False
9720,False
9721,False
9722,False
9723,False
9724,False
9725,False
9726,False
9727,False
9728,False
9729,False
9730,False
9731,False
9732,False
9733,False
9734,False
9735,False
9736,False
9737,False
9738,False
9739,False
9740,False
9741,False
9742,False
9743,False
9744,False
9745,False
9746,False
9747,False
9748,False
9749,False
9750,False
9751,False
9752,False
9753,False
9754,False
9755,False
9756,False
9757,False
9758,False
9759,False
9760,False
9761,False
9762,False
9763,False
9764,False
9765,False
9766,False
9767,False
9768,False
9769,False
9770,False
9771,False
9772,False
9773,False
9774,False
9775,False
9776,False
9777,False
9778,False
9779,False
9780,False
9781,False
9782,False
9783,False
9784,False
9785,False
9786,False
9787,False
9788,False
9789,False
9790,False
9791,False
9792,False
9793,False
9794,False
9795,False
9796,False
9797,False
9798,False
9799,False
9800,False
9801,False
9802,False
9803,False
9804,False
9805,False
9806,False
9807,False
9808,False
9809,False
9810,False
9811,False
9812,False
9813,False
9814,False
9815,False
9816,False
9817,False
9818,False
9819,False
9820,False
9821,False
9822,False
9823,False
9824,False
9825,False
9826,False
9827,False
9828,False
9829,False
9830,False
9831,False
9832,False
9833,False
9834,False
9835,False
9836,False
9837,False
9838,False
9839,False
9840,False
9841,False
9842,False
9843,False
9844,False
9845,False
9846,False
9847,False
9848,False
9849,False
9850,False
9851,False
9852,False
9853,False
9854,False
9855,False
9856,False
9857,False
9858,False
9859,False
9860,False
9861,False
9862,False
9863,False
9864,False
9865,False
9866,False
9867,False
9868,False
9869,False
9870,False
9871,False
9872,False
9873,False
9874,False
9875,False
9876,False
9877,False
9878,False
9879,False
9880,False
9881,False
9882,False
9883,False
9884,False
9885,False
9886,False
9887,False
9888,False
9889,False
9890,False
9891,False
9892,False
9893,False
9894,False
9895,False
9896,False
9897,False
9898,False
9899,False
9900,False
9901,False
9902,False
9903,False
9904,False
9905,False
9906,False
9907,False
9908,False
9909,False
9910,False
9911,False
9912,False
9913,False
9914,False
9915,False
9916,False
9917,False
9918,False
9919,False
9920,False
9921,False
9922,False
9923,False
9924,False
9925,False
9926,False
9927,False
9928,False
9929,False
9930,False
9931,False
9932,False
9933,False
9934,False
9935,False
9936,False
9937,False
9938,False
9939,False
9940,False
9941,False
9942,False
9943,False
9944,False
9945,False
9946,False
9947,False
9948,False
9949,False
9950,False
9951,False
9952,False
9953,False
9954,False
9955,False
9956,False
9957,False
9958,False
9959,False
9960,False
9961,False
9962,False
9963,False
9964,False
9965,False
9966,False
9967,False
9968,False
9969,False
9970,False
9971,False
9972,False
9973,False
9974,False
9975,False
9976,False
9977,False
9978,False
9979,False
9980,False
9981,False
9982,False
9983,False
9984,False
9985,False
9986,False
9987,False
9988,False
9989,False
9990,False
9991,False
9992,False
9993,False
9994,False
9995,False
9996,False
9997,False
9998,False
9999,False
10000,False
10001,False
10002,False
10003,False
10004,False
10005,False
10006,False
10007,False
10008,False
10009,False
10010,False
10011,False
10012,False
10013,False
10014,False
10015,False
10016,False
10017,False
10018,False
10019,False
10020,False
10021,False
10022,False
10023,False
10024,False
10025,False
10026,False
10027,False
10028,False
10029,False
10030,False
10031,False
10032,False
10033,False
10034,False
10035,False
10036,False
10037,False
10038,False
10039,False
10040,False
10041,False
10042,False
10043,False
10044,False
10045,False
10046,False
10047,False
10048,False
10049,False
10050,False
10051,False
10052,False
10053,False
10054,False
10055,False
10056,False
10057,False
10058,False
10059,False
10060,False
10061,False
10062,False
10063,False
10064,False
10065,False
10066,False
10067,False
10068,False
10069,False
10070,False
10071,False
10072,False
10073,False
10074,False
10075,False
10076,False
10077,False
10078,False
10079,False
10080,False
10081,False
10082,False
10083,False
10084,False
10085,False
10086,False
10087,False
10088,False
10089,False
10090,False
10091,False
10092,False
10093,False
10094,False
10095,False
10096,False
10097,False
10098,False
10099,False
10100,False
10101,False
10102,False
10103,False
10104,False
10105,False
10106,False
10107,False
10108,False
10109,False
10110,False
10111,False
10112,False
10113,False
10114,False
10115,False
10116,False
10117,False
10118,False
10119,False
10120,False
10121,False
10122,False
10123,False
10124,False
10125,False
10126,False
10127,False
10128,False
10129,False
10130,False
10131,False
10132,False
10133,False
10134,False
10135,False
10136,False
10137,False
10138,False
10139,False
10140,False
10141,False
10142,False
10143,False
10144,False
10145,False
10146,False
10147,False
10148,False
10149,False
10150,False
10151,False
10152,False
10153,False
10154,False
10155,False
10156,False
10157,False
10158,False
10159,False
10160,False
10161,False
10162,False
10163,False
10164,False
10165,False
10166,False
10167,False
10168,False
10169,False
10170,False
10171,False
10172,False
10173,False
10174,False
10175,False
10176,False
10177,False
10178,False
10179,False
10180,False
10181,False
10182,False
10183,False
10184,False
10185,False
10186,False
10187,False
10188,False
10189,False
10190,False
10191,False
10192,False
10193,False
10194,False
10195,False
10196,False
10197,False
10198,False
10199,False
10200,False
10201,False
10202,False
10203,False
10204,False
10205,False
10206,False
10207,False
10208,False
10209,False
10210,False
10211,False
10212,False
10213,False
10214,False
10215,False
10216,False
10217,False
10218,False
10219,False
10220,False
10221,False
10222,False
10223,False
10224,False
10225,False
10226,False
10227,False
10228,False
10229,False
10230,False
10231,False
10232,False
10233,False
10234,False
10235,False
10236,False
10237,False
10238,False
10239,False
10240,False
10241,False
10242,False
10243,False
10244,False
10245,False
10246,False
10247,False
10248,False
10249,False
10250,False
10251,False
10252,False
10253,False
10254,False
10255,False
10256,False
10257,False
10258,False
10259,False
10260,False
10261,False
10262,False
10263,False
10264,False
10265,False
10266,False
10267,False
10268,False
10269,False
10270,False
10271,False
10272,False
10273,False
10274,False
10275,False
10276,False
10277,False
10278,False
10279,False
10280,False
10281,False
10282,False
10283,False
10284,False
10285,False
10286,False
10287,False
10288,False
10289,False
10290,False
10291,False
10292,False
10293,False
10294,False
10295,False
10296,False
10297,False
10298,False
10299,False
10300,False
10301,False
10302,False
10303,False
10304,False
10305,False
10306,False
10307,False
10308,False
10309,False
10310,False
10311,False
10312,False
10313,False
10314,False
10315,False
10316,False
10317,False
10318,False
10319,False
10320,False
10321,False
10322,False
10323,False
10324,False
10325,False
10326,False
10327,False
10328,False
10329,False
10330,False
10331,False
10332,False
10333,False
10334,False
10335,False
10336,False
10337,False
10338,False
10339,False
10340,False
10341,False
10342,False
10343,False
10344,False
10345,False
10346,False
10347,False
10348,False
10349,False
10350,False
10351,False
10352,False
10353,False
10354,False
10355,False
10356,False
10357,False
10358,False
10359,False
10360,False
10361,False
10362,False
10363,False
10364,False
10365,False
10366,False
10367,False
10368,False
10369,False
10370,False
10371,False
10372,False
10373,False
10374,False
10375,False
10376,False
10377,False
10378,False
10379,False
10380,False
10381,False
10382,False
10383,False
10384,False
10385,False
10386,False
10387,False
10388,False
10389,False
10390,False
10391,False
10392,False
10393,False
10394,False
10395,False
10396,False
10397,False
10398,False
10399,False
10400,False
10401,False
10402,False
10403,False
10404,False
10405,False
10406,False
10407,False
10408,False
10409,False
10410,False
10411,False
10412,False
10413,False
10414,False
10415,False
10416,False
10417,False
10418,False
10419,False
10420,False
10421,False
10422,False
10423,False
10424,False
10425,False
10426,False
10427,False
10428,False
10429,False
10430,False
10431,False
10432,False
10433,False
10434,False
10435,False
10436,False
10437,False
10438,False
10439,False
10440,False
10441,False
10442,False
10443,False
10444,False
10445,False
10446,False
10447,False
10448,False
10449,False
10450,False
10451,False
10452,False
10453,False
10454,False
10455,False
10456,False
10457,False
10458,False
10459,False
10460,False
10461,False
10462,False
10463,False
10464,False
10465,False
10466,False
10467,False
10468,False
10469,False
10470,False
10471,False
10472,False
10473,False
10474,False
10475,False
10476,False
10477,False
10478,False
10479,False
10480,False
10481,False
10482,False
10483,False
10484,False
10485,False
10486,False
10487,False
10488,False
10489,False
10490,False
10491,False
10492,False
10493,False
10494,False
10495,False
10496,False
10497,False
10498,False
10499,False
10500,False
10501,False
10502,False
10503,False
10504,False
10505,False
10506,False
10507,False
10508,False
10509,False
10510,False
10511,False
10512,False
10513,False
10514,False
10515,False
10516,False
10517,False
10518,False
10519,False
10520,False
10521,False
10522,False
10523,False
10524,False
10525,False
10526,False
10527,False
10528,False
10529,False
10530,False
10531,False
10532,False
10533,False
10534,False
10535,False
10536,False
10537,False
10538,False
10539,False
10540,False
10541,False
10542,False
10543,False
10544,False
10545,False
10546,False
10547,False
10548,False
10549,False
10550,False
10551,False
10552,False
10553,False
10554,False
10555,False
10556,False
10557,False
10558,False
10559,False
10560,False
10561,False
10562,False
10563,False
10564,False
10565,False
10566,False
10567,False
10568,False
10569,False
10570,False
10571,False
10572,False
10573,False
10574,False
10575,False
10576,False
10577,False
10578,False
10579,False
10580,False
10581,False
10582,False
10583,False
10584,False
10585,False
10586,False
10587,False
10588,False
10589,False
10590,False
10591,False
10592,False
10593,False
10594,False
10595,False
10596,False
10597,False
10598,False
10599,False
10600,False
10601,False
10602,False
10603,False
10604,False
10605,False
10606,False
10607,False
10608,False
10609,False
10610,False
10611,False
10612,False
10613,False
10614,False
10615,False
10616,False
10617,False
10618,False
10619,False
10620,False
10621,False
10622,False
10623,False
10624,False
10625,False
10626,False
10627,False
10628,False
10629,False
10630,False
10631,False
10632,False
10633,False
10634,False
10635,False
10636,False
10637,False
10638,False
10639,False
10640,False
10641,False
10642,False
10643,False
10644,False
10645,False
10646,False
10647,False
10648,False
10649,False
10650,False
10651,False
10652,False
10653,False
10654,False
10655,False
10656,False
10657,False
10658,False
10659,False
10660,False
10661,False
10662,False
10663,False
10664,False
10665,False
10666,False
10667,False
10668,False
10669,False
10670,False
10671,False
10672,False
10673,False
10674,False
10675,False
10676,False
10677,False
10678,False
10679,False
10680,False
10681,False
10682,False
10683,False
10684,False
10685,False
10686,False
10687,False
10688,False
10689,False
10690,False
10691,False
10692,False
10693,False
10694,False
10695,False
10696,False
10697,False
10698,False
10699,False
10700,False
10701,False
10702,False
10703,False
10704,False
10705,False
10706,False
10707,False
10708,False
10709,False
10710,False
10711,False
10712,False
10713,False
10714,False
10715,False
10716,False
10717,False
10718,False
10719,False
10720,False
10721,False
10722,False
10723,False
10724,False
10725,False
10726,False
10727,False
10728,False
10729,False
10730,False
10731,False
10732,False
10733,False
10734,False
10735,False
10736,False
10737,False
10738,False
10739,False
10740,False
10741,False
10742,False
10743,False
10744,False
10745,False
10746,False
10747,False
10748,False
10749,False
10750,False
10751,False
10752,False
10753,False
10754,False
10755,False
10756,False
10757,False
10758,False
10759,False
10760,False
10761,False
10762,False
10763,False
10764,False
10765,False
10766,False
10767,False
10768,False
10769,False
10770,False
10771,False
10772,False
10773,False
10774,False
10775,False
10776,False
10777,False
10778,False
10779,False
10780,False
10781,False
10782,False
10783,False
10784,False
10785,False
10786,False
10787,False
10788,False
10789,False
10790,False
10791,False
10792,False
10793,False
10794,False
10795,False
10796,False
10797,False
10798,False
10799,False
10800,False
10801,False
10802,False
10803,False
10804,False
10805,False
10806,False
10807,False
10808,False
10809,False
10810,False
10811,False
10812,False
10813,False
10814,False
10815,False
10816,False
10817,False
10818,False
10819,False
10820,False
10821,False
10822,False
10823,False
10824,False
10825,False
10826,False
10827,False
10828,False
10829,False
10830,False
10831,False
10832,False
10833,False
10834,False
10835,False
10836,False
10837,False
10838,False
10839,False
10840,False
10841,False
10842,False
10843,False
10844,False
10845,False
10846,False
10847,False
10848,False
10849,False
10850,False
10851,False
10852,False
10853,False
10854,False
10855,False
10856,False
10857,False
10858,False
10859,False
10860,False
10861,False
10862,False
10863,False
10864,False
10865,False
10866,False
10867,False
10868,False
10869,False
10870,False
10871,False
10872,False
10873,False
10874,False
10875,False
10876,False
10877,False
10878,False
10879,False
10880,False
10881,False
10882,False
10883,False
10884,False
10885,False
10886,False
10887,False
10888,False
10889,False
10890,False
10891,False
10892,False
10893,False
10894,False
10895,False
10896,False
10897,False
10898,False
10899,False
10900,False
10901,False
10902,False
10903,False
10904,False
10905,False
10906,False
10907,False
10908,False
10909,False
10910,False
10911,False
10912,False
10913,False
10914,False
10915,False
10916,False
10917,False
10918,False
10919,False
10920,False
10921,False
10922,False
10923,False
10924,False
10925,False
10926,False
10927,False
10928,False
10929,False
10930,False
10931,False
10932,False
10933,False
10934,False
10935,False
10936,False
10937,False
10938,False
10939,False
10940,False
10941,False
10942,False
10943,False
10944,False
10945,False
10946,False
10947,False
10948,False
10949,False
10950,False
10951,False
10952,False
10953,False
10954,False
10955,False
10956,False
10957,False
10958,False
10959,False
10960,False
10961,False
10962,False
10963,False
10964,False
10965,False
10966,False
10967,False
10968,False
10969,False
10970,False
10971,False
10972,False
10973,False
10974,False
10975,False
10976,False
10977,False
10978,False
10979,False
10980,False
10981,False
10982,False
10983,False
10984,False
10985,False
10986,False
10987,False
10988,False
10989,False
10990,False
10991,False
10992,False
10993,False
10994,False
10995,False
10996,False
10997,False
10998,False
10999,False
11000,False
11001,False
11002,False
11003,False
11004,False
11005,False
11006,False
11007,False
11008,False
11009,False
11010,False
11011,False
11012,False
11013,False
11014,False
11015,False
11016,False
11017,False
11018,False
11019,False
11020,False
11021,False
11022,False
11023,False
11024,False
11025,False
11026,False
11027,False
11028,False
11029,False
11030,False
11031,False
11032,False
11033,False
11034,False
11035,False
11036,False
11037,False
11038,False
11039,False
11040,False
11041,False
11042,False
11043,False
11044,False
11045,False
11046,False
11047,False
11048,False
11049,False
11050,False
11051,False
11052,False
11053,False
11054,False
11055,False
11056,False
11057,False
11058,False
11059,False
11060,False
11061,False
11062,False
11063,False
11064,False
11065,False
11066,False
11067,False
11068,False
11069,False
11070,False
11071,False
11072,False
11073,False
11074,False
11075,False
11076,False
11077,False
11078,False
11079,False
11080,False
11081,False
11082,False
11083,False
11084,False
11085,False
11086,False
11087,False
11088,False
11089,False
11090,False
11091,False
11092,False
11093,False
11094,False
11095,False
11096,False
11097,False
11098,False
11099,False
11100,False
11101,False
11102,False
11103,False
11104,False
11105,False
11106,False
11107,False
11108,False
11109,False
11110,False
11111,False
11112,False
11113,False
11114,False
11115,False
11116,False
11117,False
11118,False
11119,False
11120,False
11121,False
11122,False
11123,False
11124,False
11125,False
11126,False
11127,False
11128,False
11129,False
11130,False
11131,False
11132,False
11133,False
11134,False
11135,False
11136,False
11137,False
11138,False
11139,False
11140,False
11141,False
11142,False
11143,False
11144,False
11145,False
11146,False
11147,False
11148,False
11149,False
11150,False
11151,False
11152,False
11153,False
11154,False
11155,False
11156,False
11157,False
11158,False
11159,False
11160,False
11161,False
11162,False
11163,False
11164,False
11165,False
11166,False
11167,False
11168,False
11169,False
11170,False
11171,False
11172,False
11173,False
11174,False
11175,False
11176,False
11177,False
11178,False
11179,False
11180,False
11181,False
11182,False
11183,False
11184,False
11185,False
11186,False
11187,False
11188,False
11189,False
11190,False
11191,False
11192,False
11193,False
11194,False
11195,False
11196,False
11197,False
11198,False
11199,False
11200,False
11201,False
11202,False
11203,False
11204,False
11205,False
11206,False
11207,False
11208,False
11209,False
11210,False
11211,False
11212,False
11213,False
11214,False
11215,False
11216,False
11217,False
11218,False
11219,False
11220,False
11221,False
11222,False
11223,False
11224,False
11225,False
11226,False
11227,False
11228,False
11229,False
11230,False
11231,False
11232,False
11233,False
11234,False
11235,False
11236,False
11237,False
11238,False
11239,False
11240,False
11241,False
11242,False
11243,False
11244,False
11245,False
11246,False
11247,False
11248,False
11249,False
11250,False
11251,False
11252,False
11253,False
11254,False
11255,False
11256,False
11257,False
11258,False
11259,False
11260,False
11261,False
11262,False
11263,False
11264,False
11265,False
11266,False
11267,False
11268,False
11269,False
11270,False
11271,False
11272,False
11273,False
11274,False
11275,False
11276,False
11277,False
11278,False
11279,False
11280,False
11281,False
11282,False
11283,False
11284,False
11285,False
11286,False
11287,False
11288,False
11289,False
11290,False
11291,False
11292,False
11293,False
11294,False
11295,False
11296,False
11297,False
11298,False
11299,False
11300,False
11301,False
11302,False
11303,False
11304,False
11305,False
11306,False
11307,False
11308,False
11309,False
11310,False
11311,False
11312,False
11313,False
11314,False
11315,False
11316,False
11317,False
11318,False
11319,False
11320,False
11321,False
11322,False
11323,False
11324,False
11325,False
11326,False
11327,False
11328,False
11329,False
11330,False
11331,False
11332,False
11333,False
11334,False
11335,False
11336,False
11337,False
11338,False
11339,False
11340,False
11341,False
11342,False
11343,False
11344,False
11345,False
11346,False
11347,False
11348,False
11349,False
11350,False
11351,False
11352,False
11353,False
11354,False
11355,False
11356,False
11357,False
11358,False
11359,False
11360,False
11361,False
11362,False
11363,False
11364,False
11365,False
11366,False
11367,False
11368,False
11369,False
11370,False
11371,False
11372,False
11373,False
11374,False
11375,False
11376,False
11377,False
11378,False
11379,False
11380,False
11381,False
11382,False
11383,False
11384,False
11385,False
11386,False
11387,False
11388,False
11389,False
11390,False
11391,False
11392,False
11393,False
11394,False
11395,False
11396,False
11397,False
11398,False
11399,False
11400,False
11401,False
11402,False
11403,False
11404,False
11405,False
11406,False
11407,False
11408,False
11409,False
11410,False
11411,False
11412,False
11413,False
11414,False
11415,False
11416,False
11417,False
11418,False
11419,False
11420,False
11421,False
11422,False
11423,False
11424,False
11425,False
11426,False
11427,False
11428,False
11429,False
11430,False
11431,False
11432,False
11433,False
11434,False
11435,False
11436,False
11437,False
11438,False
11439,False
11440,False
11441,False
11442,False
11443,False
11444,False
11445,False
11446,False
11447,False
11448,False
11449,False
11450,False
11451,False
11452,False
11453,False
11454,False
11455,False
11456,False
11457,False
11458,False
11459,False
11460,False
11461,False
11462,False
11463,False
11464,False
11465,False
11466,False
11467,False
11468,False
11469,False
11470,False
11471,False
11472,False
11473,False
11474,False
11475,False
11476,False
11477,False
11478,False
11479,False
11480,False
11481,False
11482,False
11483,False
11484,False
11485,False
11486,False
11487,False
11488,False
11489,False
11490,False
11491,False
11492,False
11493,False
11494,False
11495,False
11496,False
11497,False
11498,False
11499,False
11500,False
11501,False
11502,False
11503,False
11504,False
11505,False
11506,False
11507,False
11508,False
11509,False
11510,False
11511,False
11512,False
11513,False
11514,False
11515,False
11516,False
11517,False
11518,False
11519,False
11520,False
11521,False
11522,False
11523,False
11524,False
11525,False
11526,False
11527,False
11528,False
11529,False
11530,False
11531,False
11532,False
11533,False
11534,False
11535,False
11536,False
11537,False
11538,False
11539,False
11540,False
11541,False
11542,False
11543,False
11544,False
11545,False
11546,False
11547,False
11548,False
11549,False
11550,False
11551,False
11552,False
11553,False
11554,False
11555,False
11556,False
11557,False
11558,False
11559,False
11560,False
11561,False
11562,False
11563,False
11564,False
11565,False
11566,False
11567,False
11568,False
11569,False
11570,False
11571,False
11572,False
11573,False
11574,False
11575,False
11576,False
11577,False
11578,False
11579,False
11580,False
11581,False
11582,False
11583,False
11584,False
11585,False
11586,False
11587,False
11588,False
11589,False
11590,False
11591,False
11592,False
11593,False
11594,False
11595,False
11596,False
11597,False
11598,False
11599,False
11600,False
11601,False
11602,False
11603,False
11604,False
11605,False
11606,False
11607,False
11608,False
11609,False
11610,False
11611,False
11612,False
11613,False
11614,False
11615,False
11616,False
11617,False
11618,False
11619,False
11620,False
11621,False
11622,False
11623,False
11624,False
11625,False
11626,False
11627,False
11628,False
11629,False
11630,False
11631,False
11632,False
11633,False
11634,False
11635,False
11636,False
11637,False
11638,False
11639,False
11640,False
11641,False
11642,False
11643,False
11644,False
11645,False
11646,False
11647,False
11648,False
11649,False
11650,False
11651,False
11652,False
11653,False
11654,False
11655,False
11656,False
11657,False
11658,False
11659,False
11660,False
11661,False
11662,False
11663,False
11664,False
11665,False
11666,False
11667,False
11668,False
11669,False
11670,False
11671,False
11672,False
11673,False
11674,False
11675,False
11676,False
11677,False
11678,False
11679,False
11680,False
11681,False
11682,False
11683,False
11684,False
11685,False
11686,False
11687,False
11688,False
11689,False
11690,False
11691,False
11692,False
11693,False
11694,False
11695,False
11696,False
11697,False
11698,False
11699,False
11700,False
11701,False
11702,False
11703,False
11704,False
11705,False
11706,False
11707,False
11708,False
11709,False
11710,False
11711,False
11712,False
11713,False
11714,False
11715,False
11716,False
11717,False
11718,False
11719,False
11720,False
11721,False
11722,False
11723,False
11724,False
11725,False
11726,False
11727,False
11728,False
11729,False
11730,False
11731,False
11732,False
11733,False
11734,False
11735,False
11736,False
11737,False
11738,False
11739,False
11740,False
11741,False
11742,False
11743,False
11744,False
11745,False
11746,False
11747,False
11748,False
11749,False
11750,False
11751,False
11752,False
11753,False
11754,False
11755,False
11756,False
11757,False
11758,False
11759,False
11760,False
11761,False
11762,False
11763,False
11764,False
11765,False
11766,False
11767,False
11768,False
11769,False
11770,False
11771,False
11772,False
11773,False
11774,False
11775,False
11776,False
11777,False
11778,False
11779,False
11780,False
11781,False
11782,False
11783,False
11784,False
11785,False
11786,False
11787,False
11788,False
11789,False
11790,False
11791,False
11792,False
11793,False
11794,False
11795,False
11796,False
11797,False
11798,False
11799,False
11800,False
11801,False
11802,False
11803,False
11804,False
11805,False
11806,False
11807,False
11808,False
11809,False
11810,False
11811,False
11812,False
11813,False
11814,False
11815,False
11816,False
11817,False
11818,False
11819,False
11820,False
11821,False
11822,False
11823,False
11824,False
11825,False
11826,False
11827,False
11828,False
11829,False
11830,False
11831,False
11832,False
11833,False
11834,False
11835,False
11836,False
11837,False
11838,False
11839,False
11840,False
11841,False
11842,False
11843,False
11844,False
11845,False
11846,False
11847,False
11848,False
11849,False
11850,False
11851,False
11852,False
11853,False
11854,False
11855,False
11856,False
11857,False
11858,False
11859,False
11860,False
11861,False
11862,False
11863,False
11864,False
11865,False
11866,False
11867,False
11868,False
11869,False
11870,False
11871,False
11872,False
11873,False
11874,False
11875,False
11876,False
11877,False
11878,False
11879,False
11880,False
11881,False
11882,False
11883,False
11884,False
11885,False
11886,False
11887,False
11888,False
11889,False
11890,False
11891,False
11892,False
11893,False
11894,False
11895,False
11896,False
11897,False
11898,False
11899,False
11900,False
11901,False
11902,False
11903,False
11904,False
11905,False
11906,False
11907,False
11908,False
11909,False
11910,False
11911,False
11912,False
11913,False
11914,False
11915,False
11916,False
11917,False
11918,False
11919,False
11920,False
11921,False
11922,False
11923,False
11924,False
11925,False
11926,False
11927,False
11928,False
11929,False
11930,False
11931,False
11932,False
11933,False
11934,False
11935,False
11936,False
11937,False
11938,False
11939,False
11940,False
11941,False
11942,False
11943,False
11944,False
11945,False
11946,False
11947,False
11948,False
11949,False
11950,False
11951,False
11952,False
11953,False
11954,False
11955,False
11956,False
11957,False
11958,False
11959,False
11960,False
11961,False
11962,False
11963,False
11964,False
11965,False
11966,False
11967,False
11968,False
11969,False
11970,False
11971,False
11972,False
11973,False
11974,False
11975,False
11976,False
11977,False
11978,False
11979,False
11980,False
11981,False
11982,False
11983,False
11984,False
11985,False
11986,False
11987,False
11988,False
11989,False
11990,False
11991,False
11992,False
11993,False
11994,False
11995,False
11996,False
11997,False
11998,False
11999,False
12000,False
12001,False
12002,False
12003,False
12004,False
12005,False
12006,False
12007,False
12008,False
12009,False
12010,False
12011,False
12012,False
12013,False
12014,False
12015,False
12016,False
12017,False
12018,False
12019,False
12020,False
12021,False
12022,False
12023,False
12024,False
12025,False
12026,False
12027,False
12028,False
12029,False
12030,False
12031,False
12032,False
12033,False
12034,False
12035,False
12036,False
12037,False
12038,False
12039,False
12040,False
12041,False
12042,False
12043,False
12044,False
12045,False
12046,False
12047,False
12048,False
12049,False
12050,False
12051,False
12052,False
12053,False
12054,False
12055,False
12056,False
12057,False
12058,False
12059,False
12060,False
12061,False
12062,False
12063,False
12064,False
12065,False
12066,False
12067,False
12068,False
12069,False
12070,False
12071,False
12072,False
12073,False
12074,False
12075,False
12076,False
12077,False
12078,False
12079,False
12080,False
12081,False
12082,False
12083,False
12084,False
12085,False
12086,False
12087,False
12088,False
12089,False
12090,False
12091,False
12092,False
12093,False
12094,False
12095,False
12096,False
12097,False
12098,False
12099,False
12100,False
12101,False
12102,False
12103,False
12104,False
12105,False
12106,False
12107,False
12108,False
12109,False
12110,False
12111,False
12112,False
12113,False
12114,False
12115,False
12116,False
12117,False
12118,False
12119,False
12120,False
12121,False
12122,False
12123,False
12124,False
12125,False
12126,False
12127,False
12128,False
12129,False
12130,False
12131,False
12132,False
12133,False
12134,False
12135,False
12136,False
12137,False
12138,False
12139,False
12140,False
12141,False
12142,False
12143,False
12144,False
12145,False
12146,False
12147,False
12148,False
12149,False
12150,False
12151,False
12152,False
12153,False
12154,False
12155,False
12156,False
12157,False
12158,False
12159,False
12160,False
12161,False
12162,False
12163,False
12164,False
12165,False
12166,False
12167,False
12168,False
12169,False
12170,False
12171,False
12172,False
12173,False
12174,False
12175,False
12176,False
12177,False
12178,False
12179,False
12180,False
12181,False
12182,False
12183,False
12184,False
12185,False
12186,False
12187,False
12188,False
12189,False
12190,False
12191,False
12192,False
12193,False
12194,False
12195,False
12196,False
12197,False
12198,False
12199,False
12200,False
12201,False
12202,False
12203,False
12204,False
12205,False
12206,False
12207,False
12208,False
12209,False
12210,False
12211,False
12212,False
12213,False
12214,False
12215,False
12216,False
12217,False
12218,False
12219,False
12220,False
12221,False
12222,False
12223,False
12224,False
12225,False
12226,False
12227,False
12228,False
12229,False
12230,False
12231,False
12232,False
12233,False
12234,False
12235,False
12236,False
12237,False
12238,False
12239,False
12240,False
12241,False
12242,False
12243,False
12244,False
12245,False
12246,False
12247,False
12248,False
12249,False
12250,False
12251,False
12252,False
12253,False
12254,False
12255,False
12256,False
12257,False
12258,False
12259,False
12260,False
12261,False
12262,False
12263,False
12264,False
12265,False
12266,False
12267,False
12268,False
12269,False
12270,False
12271,False
12272,False
12273,False
12274,False
12275,False
12276,False
12277,False
12278,False
12279,False
12280,False
12281,False
12282,False
12283,False
12284,False
12285,False
12286,False
12287,False
12288,False
12289,False
12290,False
12291,False
12292,False
12293,False
12294,False
12295,False
12296,False
12297,False
12298,False
12299,False
12300,False
12301,False
12302,False
12303,False
12304,False
12305,False
12306,False
12307,False
12308,False
12309,False
12310,False
12311,False
12312,False
12313,False
12314,False
12315,False
12316,False
12317,False
12318,False
12319,False
12320,False
12321,False
12322,False
12323,False
12324,False
12325,False
12326,False
12327,False
12328,False
12329,False
12330,False
12331,False
12332,False
12333,False
12334,False
12335,False
12336,False
12337,False
12338,False
12339,False
12340,False
12341,False
12342,False
12343,False
12344,False
12345,False
12346,False
12347,False
12348,False
12349,False
12350,False
12351,False
12352,False
12353,False
12354,False
12355,False
12356,False
12357,False
12358,False
12359,False
12360,False
12361,False
12362,False
12363,False
12364,False
12365,False
12366,False
12367,False
12368,False
12369,False
12370,False
12371,False
12372,False
12373,False
12374,False
12375,False
12376,False
12377,False
12378,False
12379,False
12380,False
12381,False
12382,False
12383,False
12384,False
12385,False
12386,False
12387,False
12388,False
12389,False
12390,False
12391,False
12392,False
12393,False
12394,False
12395,False
12396,False
12397,False
12398,False
12399,False
12400,False
12401,False
12402,False
12403,False
12404,False
12405,False
12406,False
12407,False
12408,False
12409,False
12410,False
12411,False
12412,False
12413,False
12414,False
12415,False
12416,False
12417,False
12418,False
12419,False
12420,False
12421,False
12422,False
12423,False
12424,False
12425,False
12426,False
12427,False
12428,False
12429,False
12430,False
12431,False
12432,False
12433,False
12434,False
12435,False
12436,False
12437,False
12438,False
12439,False
12440,False
12441,False
12442,False
12443,False
12444,False
12445,False
12446,False
12447,False
12448,False
12449,False
12450,False
12451,False
12452,False
12453,False
12454,False
12455,False
12456,False
12457,False
12458,False
12459,False
12460,False
12461,False
12462,False
12463,False
12464,False
12465,False
12466,False
12467,False
12468,False
12469,False
12470,False
12471,False
12472,False
12473,False
12474,False
12475,False
12476,False
12477,False
12478,False
12479,False
12480,False
12481,False
12482,False
12483,False
12484,False
12485,False
12486,False
12487,False
12488,False
12489,False
12490,False
12491,False
12492,False
12493,False
12494,False
12495,False
12496,False
12497,False
12498,False
12499,False
12500,False
12501,False
12502,False
12503,False
12504,False
12505,False
12506,False
12507,False
12508,False
12509,False
12510,False
12511,False
12512,False
12513,False
12514,False
12515,False
12516,False
12517,False
12518,False
12519,False
12520,False
12521,False
12522,False
12523,False
12524,False
12525,False
12526,False
12527,False
12528,False
12529,False
12530,False
12531,False
12532,False
12533,False
12534,False
12535,False
12536,False
12537,False
12538,False
12539,False
12540,False
12541,False
12542,False
12543,False
12544,False
12545,False
12546,False
12547,False
12548,False
12549,False
12550,False
12551,False
12552,False
12553,False
12554,False
12555,False
12556,False
12557,False
12558,False
12559,False
12560,False
12561,False
12562,False
12563,False
12564,False
12565,False
12566,False
12567,False
12568,False
12569,False
12570,False
12571,False
12572,False
12573,False
12574,False
12575,False
12576,False
12577,False
12578,False
12579,False
12580,False
12581,False
12582,False
12583,False
12584,False
12585,False
12586,False
12587,False
12588,False
12589,False
12590,False
12591,False
12592,False
12593,False
12594,False
12595,False
12596,False
12597,False
12598,False
12599,False
12600,False
12601,False
12602,False
12603,False
12604,False
12605,False
12606,False
12607,False
12608,False
12609,False
12610,False
12611,False
12612,False
12613,False
12614,False
12615,False
12616,False
12617,False
12618,False
12619,False
12620,False
12621,False
12622,False
12623,False
12624,False
12625,False
12626,False
12627,False
12628,False
12629,False
12630,False
12631,False
12632,False
12633,False
12634,False
12635,False
12636,False
12637,False
12638,False
12639,False
12640,False
12641,False
12642,False
12643,False
12644,False
12645,False
12646,False
12647,False
12648,False
12649,False
12650,False
12651,False
12652,False
12653,False
12654,False
12655,False
12656,False
12657,False
12658,False
12659,False
12660,False
12661,False
12662,False
12663,False
12664,False
12665,False
12666,False
12667,False
12668,False
12669,False
12670,False
12671,False
12672,False
12673,False
12674,False
12675,False
12676,False
12677,False
12678,False
12679,False
12680,False
12681,False
12682,False
12683,False
12684,False
12685,False
12686,False
12687,False
12688,False
12689,False
12690,False
12691,False
12692,False
12693,False
12694,False
12695,False
12696,False
12697,False
12698,False
12699,False
12700,False
12701,False
12702,False
12703,False
12704,False
12705,False
12706,False
12707,False
12708,False
12709,False
12710,False
12711,False
12712,False
12713,False
12714,False
12715,False
12716,False
12717,False
12718,False
12719,False
12720,False
12721,False
12722,False
12723,False
12724,False
12725,False
12726,False
12727,False
12728,False
12729,False
12730,False
12731,False
12732,False
12733,False
12734,False
12735,False
12736,False
12737,False
12738,False
12739,False
12740,False
12741,False
12742,False
12743,False
12744,False
12745,False
12746,False
12747,False
12748,False
12749,False
12750,False
12751,False
12752,False
12753,False
12754,False
12755,False
12756,False
12757,False
12758,False
12759,False
12760,False
12761,False
12762,False
12763,False
12764,False
12765,False
12766,False
12767,False
12768,False
12769,False
12770,False
12771,False
12772,False
12773,False
12774,False
12775,False
12776,False
12777,False
12778,False
12779,False
12780,False
12781,False
12782,False
12783,False
12784,False
12785,False
12786,False
12787,False
12788,False
12789,False
12790,False
12791,False
12792,False
12793,False
12794,False
12795,False
12796,False
12797,False
12798,False
12799,False
12800,False
12801,False
12802,False
12803,False
12804,False
12805,False
12806,False
12807,False
12808,False
12809,False
12810,False
12811,False
12812,False
12813,False
12814,False
12815,False
12816,False
12817,False
12818,False
12819,False
12820,False
12821,False
12822,False
12823,False
12824,False
12825,False
12826,False
12827,False
12828,False
12829,False
12830,False
12831,False
12832,False
12833,False
12834,False
12835,False
12836,False
12837,False
12838,False
12839,False
12840,False
12841,False
12842,False
12843,False
12844,False
12845,False
12846,False
12847,False
12848,False
12849,False
12850,False
12851,False
12852,False
12853,False
12854,False
12855,False
12856,False
12857,False
12858,False
12859,False
12860,False
12861,False
12862,False
12863,False
12864,False
12865,False
12866,False
12867,False
12868,False
12869,False
12870,False
12871,False
12872,False
12873,False
12874,False
12875,False
12876,False
12877,False
12878,False
12879,False
12880,False
12881,False
12882,False
12883,False
12884,False
12885,False
12886,False
12887,False
12888,False
12889,False
12890,False
12891,False
12892,False
12893,False
12894,False
12895,False
12896,False
12897,False
12898,False
12899,False
12900,False
12901,False
12902,False
12903,False
12904,False
12905,False
12906,False
12907,False
12908,False
12909,False
12910,False
12911,False
12912,False
12913,False
12914,False
12915,False
12916,False
12917,False
12918,False
12919,False
12920,False
12921,False
12922,False
12923,False
12924,False
12925,False
12926,False
12927,False
12928,False
12929,False
12930,False
12931,False
12932,False
12933,False
12934,False
12935,False
12936,False
12937,False
12938,False
12939,False
12940,False
12941,False
12942,False
12943,False
12944,False
12945,False
12946,False
12947,False
12948,False
12949,False
12950,False
12951,False
12952,False
12953,False
12954,False
12955,False
12956,False
12957,False
12958,False
12959,False
12960,False
12961,False
12962,False
12963,False
12964,False
12965,False
12966,False
12967,False
12968,False
12969,False
12970,False
12971,False
12972,False
12973,False
12974,False
12975,False
12976,False
12977,False
12978,False
12979,False
12980,False
12981,False
12982,False
12983,False
12984,False
12985,False
12986,False
12987,False
12988,False
12989,False
12990,False
12991,False
12992,False
12993,False
12994,False
12995,False
12996,False
12997,False
12998,False
12999,False
13000,False
13001,False
13002,False
13003,False
13004,False
13005,False
13006,False
13007,False
13008,False
13009,False
13010,False
13011,False
13012,False
13013,False
13014,False
13015,False
13016,False
13017,False
13018,False
13019,False
13020,False
13021,False
13022,False
13023,False
13024,False
13025,False
13026,False
13027,False
13028,False
13029,False
13030,False
13031,False
13032,False
13033,False
13034,False
13035,False
13036,False
13037,False
13038,False
13039,False
13040,False
13041,False
13042,False
13043,False
13044,False
13045,False
13046,False
13047,False
13048,False
13049,False
13050,False
13051,False
13052,False
13053,False
13054,False
13055,False
13056,False
13057,False
13058,False
13059,False
13060,False
13061,False
13062,False
13063,False
13064,False
13065,False
13066,False
13067,False
13068,False
13069,False
13070,False
13071,False
13072,False
13073,False
13074,False
13075,False
13076,False
13077,False
13078,False
13079,False
13080,False
13081,False
13082,False
13083,False
13084,False
13085,False
13086,False
13087,False
13088,False
13089,False
13090,False
13091,False
13092,False
13093,False
13094,False
13095,False
13096,False
13097,False
13098,False
13099,False
13100,False
13101,False
13102,False
13103,False
13104,False
13105,False
13106,False
13107,False
13108,False
13109,False
13110,False
13111,False
13112,False
13113,False
13114,False
13115,False
13116,False
13117,False
13118,False
13119,False
13120,False
13121,False
13122,False
13123,False
13124,False
13125,False
13126,False
13127,False
13128,False
13129,False
13130,False
13131,False
13132,False
13133,False
13134,False
13135,False
13136,False
13137,False
13138,False
13139,False
13140,False
13141,False
13142,False
13143,False
13144,False
13145,False
13146,False
13147,False
13148,False
13149,False
13150,False
13151,False
13152,False
13153,False
13154,False
13155,False
13156,False
13157,False
13158,False
13159,False
13160,False
13161,False
13162,False
13163,False
13164,False
13165,False
13166,False
13167,False
13168,False
13169,False
13170,False
13171,False
13172,False
13173,False
13174,False
13175,False
13176,False
13177,False
13178,False
13179,False
13180,False
13181,False
13182,False
13183,False
13184,False
13185,False
13186,False
13187,False
13188,False
13189,False
13190,False
13191,False
13192,False
13193,False
13194,False
13195,False
13196,False
13197,False
13198,False
13199,False
13200,False
13201,False
13202,False
13203,False
13204,False
13205,False
13206,False
13207,False
13208,False
13209,False
13210,False
13211,False
13212,False
13213,False
13214,False
13215,False
13216,False
13217,False
13218,False
13219,False
13220,False
13221,False
13222,False
13223,False
13224,False
13225,False
13226,False
13227,False
13228,False
13229,False
13230,False
13231,False
13232,False
13233,False
13234,False
13235,False
13236,False
13237,False
13238,False
13239,False
13240,False
13241,False
13242,False
13243,False
13244,False
13245,False
13246,False
13247,False
13248,False
13249,False
13250,False
13251,False
13252,False
13253,False
13254,False
13255,False
13256,False
13257,False
13258,False
13259,False
13260,False
13261,False
13262,False
13263,False
13264,False
13265,False
13266,False
13267,False
13268,False
13269,False
13270,False
13271,False
13272,False
13273,False
13274,False
13275,False
13276,False
13277,False
13278,False
13279,False
13280,False
13281,False
13282,False
13283,False
13284,False
13285,False
13286,False
13287,False
13288,False
13289,False
13290,False
13291,False
13292,False
13293,False
13294,False
13295,False
13296,False
13297,False
13298,False
13299,False
13300,False
13301,False
13302,False
13303,False
13304,False
13305,False
13306,False
13307,False
13308,False
13309,False
13310,False
13311,False
13312,False
13313,False
13314,False
13315,False
13316,False
13317,False
13318,False
13319,False
13320,False
13321,False
13322,False
13323,False
13324,False
13325,False
13326,False
13327,False
13328,False
13329,False
13330,False
13331,False
13332,False
13333,False
13334,False
13335,False
13336,False
13337,False
13338,False
13339,False
13340,False
13341,False
13342,False
13343,False
13344,False
13345,False
13346,False
13347,False
13348,False
13349,False
13350,False
13351,False
13352,False
13353,False
13354,False
13355,False
13356,False
13357,False
13358,False
13359,False
13360,False
13361,False
13362,False
13363,False
13364,False
13365,False
13366,False
13367,False
13368,False
13369,False
13370,False
13371,False
13372,False
13373,False
13374,False
13375,False
13376,False
13377,False
13378,False
13379,False
13380,False
13381,False
13382,False
13383,False
13384,False
13385,False
13386,False
13387,False
13388,False
13389,False
13390,False
13391,False
13392,False
13393,False
13394,False
13395,False
13396,False
13397,False
13398,False
13399,False
13400,False
13401,False
13402,False
13403,False
13404,False
13405,False
13406,False
13407,False
13408,False
13409,False
13410,False
13411,False
13412,False
13413,False
13414,False
13415,False
13416,False
13417,False
13418,False
13419,False
13420,False
13421,False
13422,False
13423,False
13424,False
13425,False
13426,False
13427,False
13428,False
13429,False
13430,False
13431,False
13432,False
13433,False
13434,False
13435,False
13436,False
13437,False
13438,False
13439,False
13440,False
13441,False
13442,False
13443,False
13444,False
13445,False
13446,False
13447,False
13448,False
13449,False
13450,False
13451,False
13452,False
13453,False
13454,False
13455,False
13456,False
13457,False
13458,False
13459,False
13460,False
13461,False
13462,False
13463,False
13464,False
13465,False
13466,False
13467,False
13468,False
13469,False
13470,False
13471,False
13472,False
13473,False
13474,False
13475,False
13476,False
13477,False
13478,False
13479,False
13480,False
13481,False
13482,False
13483,False
13484,False
13485,False
13486,False
13487,False
13488,False
13489,False
13490,False
13491,False
13492,False
13493,False
13494,False
13495,False
13496,False
13497,False
13498,False
13499,False
13500,False
13501,False
13502,False
13503,False
13504,False
13505,False
13506,False
13507,False
13508,False
13509,False
13510,False
13511,False
13512,False
13513,False
13514,False
13515,False
13516,False
13517,False
13518,False
13519,False
13520,False
13521,False
13522,False
13523,False
13524,False
13525,False
13526,False
13527,False
13528,False
13529,False
13530,False
13531,False
13532,False
13533,False
13534,False
13535,False
13536,False
13537,False
13538,False
13539,False
13540,False
13541,False
13542,False
13543,False
13544,False
13545,False
13546,False
13547,False
13548,False
13549,False
13550,False
13551,False
13552,False
13553,False
13554,False
13555,False
13556,False
13557,False
13558,False
13559,False
13560,False
13561,False
13562,False
13563,False
13564,False
13565,False
13566,False
13567,False
13568,False
13569,False
13570,False
13571,False
13572,False
13573,False
13574,False
13575,False
13576,False
13577,False
13578,False
13579,False
13580,False
13581,False
13582,False
13583,False
13584,False
13585,False
13586,False
13587,False
13588,False
13589,False
13590,False
13591,False
13592,False
13593,False
13594,False
13595,False
13596,False
13597,False
13598,False
13599,False
13600,False
13601,False
13602,False
13603,False
13604,False
13605,False
13606,False
13607,False
13608,False
13609,False
13610,False
13611,False
13612,False
13613,False
13614,False
13615,False
13616,False
13617,False
13618,False
13619,False
13620,False
13621,False
13622,False
13623,False
13624,False
13625,False
13626,False
13627,False
13628,False
13629,False
13630,False
13631,False
13632,False
13633,False
13634,False
13635,False
13636,False
13637,False
13638,False
13639,False
13640,False
13641,False
13642,False
13643,False
13644,False
13645,False
13646,False
13647,False
13648,False
13649,False
13650,False
13651,False
13652,False
13653,False
13654,False
13655,False
13656,False
13657,False
13658,False
13659,False
13660,False
13661,False
13662,False
13663,False
13664,False
13665,False
13666,False
13667,False
13668,False
13669,False
13670,False
13671,False
13672,False
13673,False
13674,False
13675,False
13676,False
13677,False
13678,False
13679,False
13680,False
13681,False
13682,False
13683,False
13684,False
13685,False
13686,False
13687,False
13688,False
13689,False
13690,False
13691,False
13692,False
13693,False
13694,False
13695,False
13696,False
13697,False
13698,False
13699,False
13700,False
13701,False
13702,False
13703,False
13704,False
13705,False
13706,False
13707,False
13708,False
13709,False
13710,False
13711,False
13712,False
13713,False
13714,False
13715,False
13716,False
13717,False
13718,False
13719,False
13720,False
13721,False
13722,False
13723,False
13724,False
13725,False
13726,False
13727,False
13728,False
13729,False
13730,False
13731,False
13732,False
13733,False
13734,False
13735,False
13736,False
13737,False
13738,False
13739,False
13740,False
13741,False
13742,False
13743,False
13744,False
13745,False
13746,False
13747,False
13748,False
13749,False
13750,False
13751,False
13752,False
13753,False
13754,False
13755,False
13756,False
13757,False
13758,False
13759,False
13760,False
13761,False
13762,False
13763,False
13764,False
13765,False
13766,False
13767,False
13768,False
13769,False
13770,False
13771,False
13772,False
13773,False
13774,False
13775,False
13776,False
13777,False
13778,False
13779,False
13780,False
13781,False
13782,False
13783,False
13784,False
13785,False
13786,False
13787,False
13788,False
13789,False
13790,False
13791,False
13792,False
13793,False
13794,False
13795,False
13796,False
13797,False
13798,False
13799,False
13800,False
13801,False
13802,False
13803,False
13804,False
13805,False
13806,False
13807,False
13808,False
13809,False
13810,False
13811,False
13812,False
13813,False
13814,False
13815,False
13816,False
13817,False
13818,False
13819,False
13820,False
13821,False
13822,False
13823,False
13824,False
13825,False
13826,False
13827,False
13828,False
13829,False
13830,False
13831,False
13832,False
13833,False
13834,False
13835,False
13836,False
13837,False
13838,False
13839,False
13840,False
13841,False
13842,False
13843,False
13844,False
13845,False
13846,False
13847,False
13848,False
13849,False
13850,False
13851,False
13852,False
13853,False
13854,False
13855,False
13856,False
13857,False
13858,False
13859,False
13860,False
13861,False
13862,False
13863,False
13864,False
13865,False
13866,False
13867,False
13868,False
13869,False
13870,False
13871,False
13872,False
13873,False
13874,False
13875,False
13876,False
13877,False
13878,False
13879,False
13880,False
13881,False
13882,False
13883,False
13884,False
13885,False
13886,False
13887,False
13888,False
13889,False
13890,False
13891,False
13892,False
13893,False
13894,False
13895,False
13896,False
13897,False
13898,False
13899,False
13900,False
13901,False
13902,False
13903,False
13904,False
13905,False
13906,False
13907,False
13908,False
13909,False
13910,False
13911,False
13912,False
13913,False
13914,False
13915,False
13916,False
13917,False
13918,False
13919,False
13920,False
13921,False
13922,False
13923,False
13924,False
13925,False
13926,False
13927,False
13928,False
13929,False
13930,False
13931,False
13932,False
13933,False
13934,False
13935,False
13936,False
13937,False
13938,False
13939,False
13940,False
13941,False
13942,False
13943,False
13944,False
13945,False
13946,False
13947,False
13948,False
13949,False
13950,False
13951,False
13952,False
13953,False
13954,False
13955,False
13956,False
13957,False
13958,False
13959,False
13960,False
13961,False
13962,False
13963,False
13964,False
13965,False
13966,False
13967,False
13968,False
13969,False
13970,False
13971,False
13972,False
13973,False
13974,False
13975,False
13976,False
13977,False
13978,False
13979,False
13980,False
13981,False
13982,False
13983,False
13984,False
13985,False
13986,False
13987,False
13988,False
13989,False
13990,False
13991,False
13992,False
13993,False
13994,False
13995,False
13996,False
13997,False
13998,False
13999,False
14000,False
14001,False
14002,False
14003,False
14004,False
14005,False
14006,False
14007,False
14008,False
14009,False
14010,False
14011,False
14012,False
14013,False
14014,False
14015,False
14016,False
14017,False
14018,False
14019,False
14020,False
14021,False
14022,False
14023,False
14024,False
14025,False
14026,False
14027,False
14028,False
14029,False
14030,False
14031,False
14032,False
14033,False
14034,False
14035,False
14036,False
14037,False
14038,False
14039,False
14040,False
14041,False
14042,False
14043,False
14044,False
14045,False
14046,False
14047,False
14048,False
14049,False
14050,False
14051,False
14052,False
14053,False
14054,False
14055,False
14056,False
14057,False
14058,False
14059,False
14060,False
14061,False
14062,False
14063,False
14064,False
14065,False
14066,False
14067,False
14068,False
14069,False
14070,False
14071,False
14072,False
14073,False
14074,False
14075,False
14076,False
14077,False
14078,False
14079,False
14080,False
14081,False
14082,False
14083,False
14084,False
14085,False
14086,False
14087,False
14088,False
14089,False
14090,False
14091,False
14092,False
14093,False
14094,False
14095,False
14096,False
14097,False
14098,False
14099,False
14100,False
14101,False
14102,False
14103,False
14104,False
14105,False
14106,False
14107,False
14108,False
14109,False
14110,False
14111,False
14112,False
14113,False
14114,False
14115,False
14116,False
14117,False
14118,False
14119,False
14120,False
14121,False
14122,False
14123,False
14124,False
14125,False
14126,False
14127,False
14128,False
14129,False
14130,False
14131,False
14132,False
14133,False
14134,False
14135,False
14136,False
14137,False
14138,False
14139,False
14140,False
14141,False
14142,False
14143,False
14144,False
14145,False
14146,False
14147,False
14148,False
14149,False
14150,False
14151,False
14152,False
14153,False
14154,False
14155,False
14156,False
14157,False
14158,False
14159,False
14160,False
14161,False
14162,False
14163,False
14164,False
14165,False
14166,False
14167,False
14168,False
14169,False
14170,False
14171,False
14172,False
14173,False
14174,False
14175,False
14176,False
14177,False
14178,False
14179,False
14180,False
14181,False
14182,False
14183,False
14184,False
14185,False
14186,False
14187,False
14188,False
14189,False
14190,False
14191,False
14192,False
14193,False
14194,False
14195,False
14196,False
14197,False
14198,False
14199,False
14200,False
14201,False
14202,False
14203,False
14204,False
14205,False
14206,False
14207,False
14208,False
14209,False
14210,False
14211,False
14212,False
14213,False
14214,False
14215,False
14216,False
14217,False
14218,False
14219,False
14220,False
14221,False
14222,False
14223,False
14224,False
14225,False
14226,False
14227,False
14228,False
14229,False
14230,False
14231,False
14232,False
14233,False
14234,False
14235,False
14236,False
14237,False
14238,False
14239,False
14240,False
14241,False
14242,False
14243,False
14244,False
14245,False
14246,False
14247,False
14248,False
14249,False
14250,False
14251,False
14252,False
14253,False
14254,False
14255,False
14256,False
14257,False
14258,False
14259,False
14260,False
14261,False
14262,False
14263,False
14264,False
14265,False
14266,False
14267,False
14268,False
14269,False
14270,False
14271,False
14272,False
14273,False
14274,False
14275,False
14276,False
14277,False
14278,False
14279,False
14280,False
14281,False
14282,False
14283,False
14284,False
14285,False
14286,False
14287,False
14288,False
14289,False
14290,False
14291,False
14292,False
14293,False
14294,False
14295,False
14296,False
14297,False
14298,False
14299,False
14300,False
14301,False
14302,False
14303,False
14304,False
14305,False
14306,False
14307,False
14308,False
14309,False
14310,False
14311,False
14312,False
14313,False
14314,False
14315,False
14316,False
14317,False
14318,False
14319,False
14320,False
14321,False
14322,False
14323,False
14324,False
14325,False
14326,False
14327,False
14328,False
14329,False
14330,False
14331,False
14332,False
14333,False
14334,False
14335,False
14336,False
14337,False
14338,False
14339,False
14340,False
14341,False
14342,False
14343,False
14344,False
14345,False
14346,False
14347,False
14348,False
14349,False
14350,False
14351,False
14352,False
14353,False
14354,False
14355,False
14356,False
14357,False
14358,False
14359,False
14360,False
14361,False
14362,False
14363,False
14364,False
14365,False
14366,False
14367,False
14368,False
14369,False
14370,False
14371,False
14372,False
14373,False
14374,False
14375,False
14376,False
14377,False
14378,False
14379,False
14380,False
14381,False
14382,False
14383,False
14384,False
14385,False
14386,False
14387,False
14388,False
14389,False
14390,False
14391,False
14392,False
14393,False
14394,False
14395,False
14396,False
14397,False
14398,False
14399,False
14400,False
14401,False
14402,False
14403,False
14404,False
14405,False
14406,False
14407,False
14408,False
14409,False
14410,False
14411,False
14412,False
14413,False
14414,False
14415,False
14416,False
14417,False
14418,False
14419,False
14420,False
14421,False
14422,False
14423,False
14424,False
14425,False
14426,False
14427,False
14428,False
14429,False
14430,False
14431,False
14432,False
14433,False
14434,False
14435,False
14436,False
14437,False
14438,False
14439,False
14440,False
14441,False
14442,False
14443,False
14444,False
14445,False
14446,False
14447,False
14448,False
14449,False
14450,False
14451,False
14452,False
14453,False
14454,False
14455,False
14456,False
14457,False
14458,False
14459,False
14460,False
14461,False
14462,False
14463,False
14464,False
14465,False
14466,False
14467,False
14468,False
14469,False
14470,False
14471,False
14472,False
14473,False
14474,False
14475,False
14476,False
14477,False
14478,False
14479,False
14480,False
14481,False
14482,False
14483,False
14484,False
14485,False
14486,False
14487,False
14488,False
14489,False
14490,False
14491,False
14492,False
14493,False
14494,False
14495,False
14496,False
14497,False
14498,False
14499,False
14500,False
14501,False
14502,False
14503,False
14504,False
14505,False
14506,False
14507,False
14508,False
14509,False
14510,False
14511,False
14512,False
14513,False
14514,False
14515,False
14516,False
14517,False
14518,False
14519,False
14520,False
14521,False
14522,False
14523,False
14524,False
14525,False
14526,False
14527,False
14528,False
14529,False
14530,False
14531,False
14532,False
14533,False
14534,False
14535,False
14536,False
14537,False
14538,False
14539,False
14540,False
14541,False
14542,False
14543,False
14544,False
14545,False
14546,False
14547,False
14548,False
14549,False
14550,False
14551,False
14552,False
14553,False
14554,False
14555,False
14556,False
14557,False
14558,False
14559,False
14560,False
14561,False
14562,False
14563,False
14564,False
14565,False
14566,False
14567,False
14568,False
14569,False
14570,False
14571,False
14572,False
14573,False
14574,False
14575,False
14576,False
14577,False
14578,False
14579,False
14580,False
14581,False
14582,False
14583,False
14584,False
14585,False
14586,False
14587,False
14588,False
14589,False
14590,False
14591,False
14592,False
14593,False
14594,False
14595,False
14596,False
14597,False
14598,False
14599,False
14600,False
14601,False
14602,False
14603,False
14604,False
14605,False
14606,False
14607,False
14608,False
14609,False
14610,False
14611,False
14612,False
14613,False
14614,False
14615,False
14616,False
14617,False
14618,False
14619,False
14620,False
14621,False
14622,False
14623,False
14624,False
14625,False
14626,False
14627,False
14628,False
14629,False
14630,False
14631,False
14632,False
14633,False
14634,False
14635,False
14636,False
14637,False
14638,False
14639,False
14640,False
14641,False
14642,False
14643,False
14644,False
14645,False
14646,False
14647,False
14648,False
14649,False
14650,False
14651,False
14652,False
14653,False
14654,False
14655,False
14656,False
14657,False
14658,False
14659,False
14660,False
14661,False
14662,False
14663,False
14664,False
14665,False
14666,False
14667,False
14668,False
14669,False
14670,False
14671,False
14672,False
14673,False
14674,False
14675,False
14676,False
14677,False
14678,False
14679,False
14680,False
14681,False
14682,False
14683,False
14684,False
14685,False
14686,False
14687,False
14688,False
14689,False
14690,False
14691,False
14692,False
14693,False
14694,False
14695,False
14696,False
14697,False
14698,False
14699,False
14700,False
14701,False
14702,False
14703,False
14704,False
14705,False
14706,False
14707,False
14708,False
14709,False
14710,False
14711,False
14712,False
14713,False
14714,False
14715,False
14716,False
14717,False
14718,False
14719,False
14720,False
14721,False
14722,False
14723,False
14724,False
14725,False
14726,False
14727,False
14728,False
14729,False
14730,False
14731,False
14732,False
14733,False
14734,False
14735,False
14736,False
14737,False
14738,False
14739,False
14740,False
14741,False
14742,False
14743,False
14744,False
14745,False
14746,False
14747,False
14748,False
14749,False
14750,False
14751,False
14752,False
14753,False
14754,False
14755,False
14756,False
14757,False
14758,False
14759,False
14760,False
14761,False
14762,False
14763,False
14764,False
14765,False
14766,False
14767,False
14768,False
14769,False
14770,False
14771,False
14772,False
14773,False
14774,False
14775,False
14776,False
14777,False
14778,False
14779,False
14780,False
14781,False
14782,False
14783,False
14784,False
14785,False
14786,False
14787,False
14788,False
14789,False
14790,False
14791,False
14792,False
14793,False
14794,False
14795,False
14796,False
14797,False
14798,False
14799,False
14800,False
14801,False
14802,False
14803,False
14804,False
14805,False
14806,False
14807,False
14808,False
14809,False
14810,False
14811,False
14812,False
14813,False
14814,False
14815,False
14816,False
14817,False
14818,False
14819,False
14820,False
14821,False
14822,False
14823,False
14824,False
14825,False
14826,False
14827,False
14828,False
14829,False
14830,False
14831,False
14832,False
14833,False
14834,False
14835,False
14836,False
14837,False
14838,False
14839,False
14840,False
14841,False
14842,False
14843,False
14844,False
14845,False
14846,False
14847,False
14848,False
14849,False
14850,False
14851,False
14852,False
14853,False
14854,False
14855,False
14856,False
14857,False
14858,False
14859,False
14860,False
14861,False
14862,False
14863,False
14864,False
14865,False
14866,False
14867,False
14868,False
14869,False
14870,False
14871,False
14872,False
14873,False
14874,False
14875,False
14876,False
14877,False
14878,False
14879,False
14880,False
14881,False
14882,False
14883,False
14884,False
14885,False
14886,False
14887,False
14888,False
14889,False
14890,False
14891,False
14892,False
14893,False
14894,False
14895,False
14896,False
14897,False
14898,False
14899,False
14900,False
14901,False
14902,False
14903,False
14904,False
14905,False
14906,False
14907,False
14908,False
14909,False
14910,False
14911,False
14912,False
14913,False
14914,False
14915,False
14916,False
14917,False
14918,False
14919,False
14920,False
14921,False
14922,False
14923,False
14924,False
14925,False
14926,False
14927,False
14928,False
14929,False
14930,False
14931,False
14932,False
14933,False
14934,False
14935,False
14936,False
14937,False
14938,False
14939,False
14940,False
14941,False
14942,False
14943,False
14944,False
14945,False
14946,False
14947,False
14948,False
14949,False
14950,False
14951,False
14952,False
14953,False
14954,False
14955,False
14956,False
14957,False
14958,False
14959,False
14960,False
14961,False
14962,False
14963,False
14964,False
14965,False
14966,False
14967,False
14968,False
14969,False
14970,False
14971,False
14972,False
14973,False
14974,False
14975,False
14976,False
14977,False
14978,False
14979,False
14980,False
14981,False
14982,False
14983,False
14984,False
14985,False
14986,False
14987,False
14988,False
14989,False
14990,False
14991,False
14992,False
14993,False
14994,False
14995,False
14996,False
14997,False
14998,False
14999,False
15000,False
15001,False
15002,False
15003,False
15004,False
15005,False
15006,False
15007,False
15008,False
15009,False
15010,False
15011,False
15012,False
15013,False
15014,False
15015,False
15016,False
15017,False
15018,False
15019,False
15020,False
15021,False
15022,False
15023,False
15024,False
15025,False
15026,False
15027,False
15028,False
15029,False
15030,False
15031,False
15032,False
15033,False
15034,False
15035,False
15036,False
15037,False
15038,False
15039,False
15040,False
15041,False
15042,False
15043,False
15044,False
15045,False
15046,False
15047,False
15048,False
15049,False
15050,False
15051,False
15052,False
15053,False
15054,False
15055,False
15056,False
15057,False
15058,False
15059,False
15060,False
15061,False
15062,False
15063,False
15064,False
15065,False
15066,False
15067,False
15068,False
15069,False
15070,False
15071,False
15072,False
15073,False
15074,False
15075,False
15076,False
15077,False
15078,False
15079,False
15080,False
15081,False
15082,False
15083,False
15084,False
15085,False
15086,False
15087,False
15088,False
15089,False
15090,False
15091,False
15092,False
15093,False
15094,False
15095,False
15096,False
15097,False
15098,False
15099,False
15100,False
15101,False
15102,False
15103,False
15104,False
15105,False
15106,False
15107,False
15108,False
15109,False
15110,False
15111,False
15112,False
15113,False
15114,False
15115,False
15116,False
15117,False
15118,False
15119,False
15120,False
15121,False
15122,False
15123,False
15124,False
15125,False
15126,False
15127,False
15128,False
15129,False
15130,False
15131,False
15132,False
15133,False
15134,False
15135,False
15136,False
15137,False
15138,False
15139,False
15140,False
15141,False
15142,False
15143,False
15144,False
15145,False
15146,False
15147,False
15148,False
15149,False
15150,False
15151,False
15152,False
15153,False
15154,False
15155,False
15156,False
15157,False
15158,False
15159,False
15160,False
15161,False
15162,False
15163,False
15164,False
15165,False
15166,False
15167,False
15168,False
15169,False
15170,False
15171,False
15172,False
15173,False
15174,False
15175,False
15176,False
15177,False
15178,False
15179,False
15180,False
15181,False
15182,False
15183,False
15184,False
15185,False
15186,False
15187,False
15188,False
15189,False
15190,False
15191,False
15192,False
15193,False
15194,False
15195,False
15196,False
15197,False
15198,False
15199,False
15200,False
15201,False
15202,False
15203,False
15204,False
15205,False
15206,False
15207,False
15208,False
15209,False
15210,False
15211,False
15212,False
15213,False
15214,False
15215,False
15216,False
15217,False
15218,False
15219,False
15220,False
15221,False
15222,False
15223,False
15224,False
15225,False
15226,False
15227,False
15228,False
15229,False
15230,False
15231,False
15232,False
15233,False
15234,False
15235,False
15236,False
15237,False
15238,False
15239,False
15240,False
15241,False
15242,False
15243,False
15244,False
15245,False
15246,False
15247,False
15248,False
15249,False
15250,False
15251,False
15252,False
15253,False
15254,False
15255,False
15256,False
15257,False
15258,False
15259,False
15260,False
15261,False
15262,False
15263,False
15264,False
15265,False
15266,False
15267,False
15268,False
15269,False
15270,False
15271,False
15272,False
15273,False
15274,False
15275,False
15276,False
15277,False
15278,False
15279,False
15280,False
15281,False
15282,False
15283,False
15284,False
15285,False
15286,False
15287,False
15288,False
15289,False
15290,False
15291,False
15292,False
15293,False
15294,False
15295,False
15296,False
15297,False
15298,False
15299,False
15300,False
15301,False
15302,False
15303,False
15304,False
15305,False
15306,False
15307,False
15308,False
15309,False
15310,False
15311,False
15312,False
15313,False
15314,False
15315,False
15316,False
15317,False
15318,False
15319,False
15320,False
15321,False
15322,False
15323,False
15324,False
15325,False
15326,False
15327,False
15328,False
15329,False
15330,False
15331,False
15332,False
15333,False
15334,False
15335,False
15336,False
15337,False
15338,False
15339,False
15340,False
15341,False
15342,False
15343,False
15344,False
15345,False
15346,False
15347,False
15348,False
15349,False
15350,False
15351,False
15352,False
15353,False
15354,False
15355,False
15356,False
15357,False
15358,False
15359,False
15360,False
15361,False
15362,False
15363,False
15364,False
15365,False
15366,False
15367,False
15368,False
15369,False
15370,False
15371,False
15372,False
15373,False
15374,False
15375,False
15376,False
15377,False
15378,False
15379,False
15380,False
15381,False
15382,False
15383,False
15384,False
15385,False
15386,False
15387,False
15388,False
15389,False
15390,False
15391,False
15392,False
15393,False
15394,False
15395,False
15396,False
15397,False
15398,False
15399,False
15400,False
15401,False
15402,False
15403,False
15404,False
15405,False
15406,False
15407,False
15408,False
15409,False
15410,False
15411,False
15412,False
15413,False
15414,False
15415,False
15416,False
15417,False
15418,False
15419,False
15420,False
15421,False
15422,False
15423,False
15424,False
15425,False
15426,False
15427,False
15428,False
15429,False
15430,False
15431,False
15432,False
15433,False
15434,False
15435,False
15436,False
15437,False
15438,False
15439,False
15440,False
15441,False
15442,False
15443,False
15444,False
15445,False
15446,False
15447,False
15448,False
15449,False
15450,False
15451,False
15452,False
15453,False
15454,False
15455,False
15456,False
15457,False
15458,False
15459,False
15460,False
15461,False
15462,False
15463,False
15464,False
15465,False
15466,False
15467,False
15468,False
15469,False
15470,False
15471,False
15472,False
15473,False
15474,False
15475,False
15476,False
15477,False
15478,False
15479,False
15480,False
15481,False
15482,False
15483,False
15484,False
15485,False
15486,False
15487,False
15488,False
15489,False
15490,False
15491,False
15492,False
15493,False
15494,False
15495,False
15496,False
15497,False
15498,False
15499,False
15500,False
15501,False
15502,False
15503,False
15504,False
15505,False
15506,False
15507,False
15508,False
15509,False
15510,False
15511,False
15512,False
15513,False
15514,False
15515,False
15516,False
15517,False
15518,False
15519,False
15520,False
15521,False
15522,False
15523,False
15524,False
15525,False
15526,False
15527,False
15528,False
15529,False
15530,False
15531,False
15532,False
15533,False
15534,False
15535,False
15536,False
15537,False
15538,False
15539,False
15540,False
15541,False
15542,False
15543,False
15544,False
15545,False
15546,False
15547,False
15548,False
15549,False
15550,False
15551,False
15552,False
15553,False
15554,False
15555,False
15556,False
15557,False
15558,False
15559,False
15560,False
15561,False
15562,False
15563,False
15564,False
15565,False
15566,False
15567,False
15568,False
15569,False
15570,False
15571,False
15572,False
15573,False
15574,False
15575,False
15576,False
15577,False
15578,False
15579,False
15580,False
15581,False
15582,False
15583,False
15584,False
15585,False
15586,False
15587,False
15588,False
15589,False
15590,False
15591,False
15592,False
15593,False
15594,False
15595,False
15596,False
15597,False
15598,False
15599,False
15600,False
15601,False
15602,False
15603,False
15604,False
15605,False
15606,False
15607,False
15608,False
15609,False
15610,False
15611,False
15612,False
15613,False
15614,False
15615,False
15616,False
15617,False
15618,False
15619,False
15620,False
15621,False
15622,False
15623,False
15624,False
15625,False
15626,False
15627,False
15628,False
15629,False
15630,False
15631,False
15632,False
15633,False
15634,False
15635,False
15636,False
15637,False
15638,False
15639,False
15640,False
15641,False
15642,False
15643,False
15644,False
15645,False
15646,False
15647,False
15648,False
15649,False
15650,False
15651,False
15652,False
15653,False
15654,False
15655,False
15656,False
15657,False
15658,False
15659,False
15660,False
15661,False
15662,False
15663,False
15664,False
15665,False
15666,False
15667,False
15668,False
15669,False
15670,False
15671,False
15672,False
15673,False
15674,False
15675,False
15676,False
15677,False
15678,False
15679,False
15680,False
15681,False
15682,False
15683,False
15684,False
15685,False
15686,False
15687,False
15688,False
15689,False
15690,False
15691,False
15692,False
15693,False
15694,False
15695,False
15696,False
15697,False
15698,False
15699,False
15700,False
15701,False
15702,False
15703,False
15704,False
15705,False
15706,False
15707,False
15708,False
15709,False
15710,False
15711,False
15712,False
15713,False
15714,False
15715,False
15716,False
15717,False
15718,False
15719,False
15720,False
15721,False
15722,False
15723,False
15724,False
15725,False
15726,False
15727,False
15728,False
15729,False
15730,False
15731,False
15732,False
15733,False
15734,False
15735,False
15736,False
15737,False
15738,False
15739,False
15740,False
15741,False
15742,False
15743,False
15744,False
15745,False
15746,False
15747,False
15748,False
15749,False
15750,False
15751,False
15752,False
15753,False
15754,False
15755,False
15756,False
15757,False
15758,False
15759,False
15760,False
15761,False
15762,False
15763,False
15764,False
15765,False
15766,False
15767,False
15768,False
15769,False
15770,False
15771,False
15772,False
15773,False
15774,False
15775,False
15776,False
15777,False
15778,False
15779,False
15780,False
15781,False
15782,False
15783,False
15784,False
15785,False
15786,False
15787,False
15788,False
15789,False
15790,False
15791,False
15792,False
15793,False
15794,False
15795,False
15796,False
15797,False
15798,False
15799,False
15800,False
15801,False
15802,False
15803,False
15804,False
15805,False
15806,False
15807,False
15808,False
15809,False
15810,False
15811,False
15812,False
15813,False
15814,False
15815,False
15816,False
15817,False
15818,False
15819,False
15820,False
15821,False
15822,False
15823,False
15824,False
15825,False
15826,False
15827,False
15828,False
15829,False
15830,False
15831,False
15832,False
15833,False
15834,False
15835,False
15836,False
15837,False
15838,False
15839,False
15840,False
15841,False
15842,False
15843,False
15844,False
15845,False
15846,False
15847,False
15848,False
15849,False
15850,False
15851,False
15852,False
15853,False
15854,False
15855,False
15856,False
15857,False
15858,False
15859,False
15860,False
15861,False
15862,False
15863,False
15864,False
15865,False
15866,False
15867,False
15868,False
15869,False
15870,False
15871,False
15872,False
15873,False
15874,False
15875,False
15876,False
15877,False
15878,False
15879,False
15880,False
15881,False
15882,False
15883,False
15884,False
15885,False
15886,False
15887,False
15888,False
15889,False
15890,False
15891,False
15892,False
15893,False
15894,False
15895,False
15896,False
15897,False
15898,False
15899,False
15900,False
15901,False
15902,False
15903,False
15904,False
15905,False
15906,False
15907,False
15908,False
15909,False
15910,False
15911,False
15912,False
15913,False
15914,False
15915,False
15916,False
15917,False
15918,False
15919,False
15920,False
15921,False
15922,False
15923,False
15924,False
15925,False
15926,False
15927,False
15928,False
15929,False
15930,False
15931,False
15932,False
15933,False
15934,False
15935,False
15936,False
15937,False
15938,False
15939,False
15940,False
15941,False
15942,False
15943,False
15944,False
15945,False
15946,False
15947,False
15948,False
15949,False
15950,False
15951,False
15952,False
15953,False
15954,False
15955,False
15956,False
15957,False
15958,False
15959,False
15960,False
15961,False
15962,False
15963,False
15964,False
15965,False
15966,False
15967,False
15968,False
15969,False
15970,False
15971,False
15972,False
15973,False
15974,False
15975,False
15976,False
15977,False
15978,False
15979,False
15980,False
15981,False
15982,False
15983,False
15984,False
15985,False
15986,False
15987,False
15988,False
15989,False
15990,False
15991,False
15992,False
15993,False
15994,False
15995,False
15996,False
15997,False
15998,False
15999,False
16000,False
16001,False
16002,False
16003,False
16004,False
16005,False
16006,False
16007,False
16008,False
16009,False
16010,False
16011,False
16012,False
16013,False
16014,False
16015,False
16016,False
16017,False
16018,False
16019,False
16020,False
16021,False
16022,False
16023,False
16024,False
16025,False
16026,False
16027,False
16028,False
16029,False
16030,False
16031,False
16032,False
16033,False
16034,False
16035,False
16036,False
16037,False
16038,False
16039,False
16040,False
16041,False
16042,False
16043,False
16044,False
16045,False
16046,False
16047,False
16048,False
16049,False
16050,False
16051,False
16052,False
16053,False
16054,False
16055,False
16056,False
16057,False
16058,False
16059,False
16060,False
16061,False
16062,False
16063,False
16064,False
16065,False
16066,False
16067,False
16068,False
16069,False
16070,False
16071,False
16072,False
16073,False
16074,False
16075,False
16076,False
16077,False
16078,False
16079,False
16080,False
16081,False
16082,False
16083,False
16084,False
16085,False
16086,False
16087,False
16088,False
16089,False
16090,False
16091,False
16092,False
16093,False
16094,False
16095,False
16096,False
16097,False
16098,False
16099,False
16100,False
16101,False
16102,False
16103,False
16104,False
16105,False
16106,False
16107,False
16108,False
16109,False
16110,False
16111,False
16112,False
16113,False
16114,False
16115,False
16116,False
16117,False
16118,False
16119,False
16120,False
16121,False
16122,False
16123,False
16124,False
16125,False
16126,False
16127,False
16128,False
16129,False
16130,False
16131,False
16132,False
16133,False
16134,False
16135,False
16136,False
16137,False
16138,False
16139,False
16140,False
16141,False
16142,False
16143,False
16144,False
16145,False
16146,False
16147,False
16148,False
16149,False
16150,False
16151,False
16152,False
16153,False
16154,False
16155,False
16156,False
16157,False
16158,False
16159,False
16160,False
16161,False
16162,False
16163,False
16164,False
16165,False
16166,False
16167,False
16168,False
16169,False
16170,False
16171,False
16172,False
16173,False
16174,False
16175,False
16176,False
16177,False
16178,False
16179,False
16180,False
16181,False
16182,False
16183,False
16184,False
16185,False
16186,False
16187,False
16188,False
16189,False
16190,False
16191,False
16192,False
16193,False
16194,False
16195,False
16196,False
16197,False
16198,False
16199,False
16200,False
16201,False
16202,False
16203,False
16204,False
16205,False
16206,False
16207,False
16208,False
16209,False
16210,False
16211,False
16212,False
16213,False
16214,False
16215,False
16216,False
16217,False
16218,False
16219,False
16220,False
16221,False
16222,False
16223,False
16224,False
16225,False
16226,False
16227,False
16228,False
16229,False
16230,False
16231,False
16232,False
16233,False
16234,False
16235,False
16236,False
16237,False
16238,False
16239,False
16240,False
16241,False
16242,False
16243,False
16244,False
16245,False
16246,False
16247,False
16248,False
16249,False
16250,False
16251,False
16252,False
16253,False
16254,False
16255,False
16256,False
16257,False
16258,False
16259,False
16260,False
16261,False
16262,False
16263,False
16264,False
16265,False
16266,False
16267,False
16268,False
16269,False
16270,False
16271,False
16272,False
16273,False
16274,False
16275,False
16276,False
16277,False
16278,False
16279,False
16280,False
16281,False
16282,False
16283,False
16284,False
16285,False
16286,False
16287,False
16288,False
16289,False
16290,False
16291,False
16292,False
16293,False
16294,False
16295,False
16296,False
16297,False
16298,False
16299,False
16300,False
16301,False
16302,False
16303,False
16304,False
16305,False
16306,False
16307,False
16308,False
16309,False
16310,False
16311,False
16312,False
16313,False
16314,False
16315,False
16316,False
16317,False
16318,False
16319,False
16320,False
16321,False
16322,False
16323,False
16324,False
16325,False
16326,False
16327,False
16328,False
16329,False
16330,False
16331,False
16332,False
16333,False
16334,False
16335,False
16336,False
16337,False
16338,False
16339,False
16340,False
16341,False
16342,False
16343,False
16344,False
16345,False
16346,False
16347,False
16348,False
16349,False
16350,False
16351,False
16352,False
16353,False
16354,False
16355,False
16356,False
16357,False
16358,False
16359,False
16360,False
16361,False
16362,False
16363,False
16364,False
16365,False
16366,False
16367,False
16368,False
16369,False
16370,False
16371,False
16372,False
16373,False
16374,False
16375,False
16376,False
16377,False
16378,False
16379,False
16380,False
16381,False
16382,False
16383,False
16384,False
16385,False
16386,False
16387,False
16388,False
16389,False
16390,False
16391,False
16392,False
16393,False
16394,False
16395,False
16396,False
16397,False
16398,False
16399,False
16400,False
16401,False
16402,False
16403,False
16404,False
16405,False
16406,False
16407,False
16408,False
16409,False
16410,False
16411,False
16412,False
16413,False
16414,False
16415,False
16416,False
16417,False
16418,False
16419,False
16420,False
16421,False
16422,False
16423,False
16424,False
16425,False
16426,False
16427,False
16428,False
16429,False
16430,False
16431,False
16432,False
16433,False
16434,False
16435,False
16436,False
16437,False
16438,False
16439,False
16440,False
16441,False
16442,False
16443,False
16444,False
16445,False
16446,False
16447,False
16448,False
16449,False
16450,False
16451,False
16452,False
16453,False
16454,False
16455,False
16456,False
16457,False
16458,False
16459,False
16460,False
16461,False
16462,False
16463,False
16464,False
16465,False
16466,False
16467,False
16468,False
16469,False
16470,False
16471,False
16472,False
16473,False
16474,False
16475,False
16476,False
16477,False
16478,False
16479,False
16480,False
16481,False
16482,False
16483,False
16484,False
16485,False
16486,False
16487,False
16488,False
16489,False
16490,False
16491,False
16492,False
16493,False
16494,False
16495,False
16496,False
16497,False
16498,False
16499,False
16500,False
16501,False
16502,False
16503,False
16504,False
16505,False
16506,False
16507,False
16508,False
16509,False
16510,False
16511,False
16512,False
16513,False
16514,False
16515,False
16516,False
16517,False
16518,False
16519,False
16520,False
16521,False
16522,False
16523,False
16524,False
16525,False
16526,False
16527,False
16528,False
16529,False
16530,False
16531,False
16532,False
16533,False
16534,False
16535,False
16536,False
16537,False
16538,False
16539,False
16540,False
16541,False
16542,False
16543,False
16544,False
16545,False
16546,False
16547,False
16548,False
16549,False
16550,False
16551,False
16552,False
16553,False
16554,False
16555,False
16556,False
16557,False
16558,False
16559,False
16560,False
16561,False
16562,False
16563,False
16564,False
16565,False
16566,False
16567,False
16568,False
16569,False
16570,False
16571,False
16572,False
16573,False
16574,False
16575,False
16576,False
16577,False
16578,False
16579,False
16580,False
16581,False
16582,False
16583,False
16584,False
16585,False
16586,False
16587,False
16588,False
16589,False
16590,False
16591,False
16592,False
16593,False
16594,False
16595,False
16596,False
16597,False
16598,False
16599,False
16600,False
16601,False
16602,False
16603,False
16604,False
16605,False
16606,False
16607,False
16608,False
16609,False
16610,False
16611,False
16612,False
16613,False
16614,False
16615,False
16616,False
16617,False
16618,False
16619,False
16620,False
16621,False
16622,False
16623,False
16624,False
16625,False
16626,False
16627,False
16628,False
16629,False
16630,False
16631,False
16632,False
16633,False
16634,False
16635,False
16636,False
16637,False
16638,False
16639,False
16640,False
16641,False
16642,False
16643,False
16644,False
16645,False
16646,False
16647,False
16648,False
16649,False
16650,False
16651,False
16652,False
16653,False
16654,False
16655,False
16656,False
16657,False
16658,False
16659,False
16660,False
16661,False
16662,False
16663,False
16664,False
16665,False
16666,False
16667,False
16668,False
16669,False
16670,False
16671,False
16672,False
16673,False
16674,False
16675,False
16676,False
16677,False
16678,False
16679,False
16680,False
16681,False
16682,False
16683,False
16684,False
16685,False
16686,False
16687,False
16688,False
16689,False
16690,False
16691,False
16692,False
16693,False
16694,False
16695,False
16696,False
16697,False
16698,False
16699,False
16700,False
16701,False
16702,False
16703,False
16704,False
16705,False
16706,False
16707,False
16708,False
16709,False
16710,False
16711,False
16712,False
16713,False
16714,False
16715,False
16716,False
16717,False
16718,False
16719,False
16720,False
16721,False
16722,False
16723,False
16724,False
16725,False
16726,False
16727,False
16728,False
16729,False
16730,False
16731,False
16732,False
16733,False
16734,False
16735,False
16736,False
16737,False
16738,False
16739,False
16740,False
16741,False
16742,False
16743,False
16744,False
16745,False
16746,False
16747,False
16748,False
16749,False
16750,False
16751,False
16752,False
16753,False
16754,False
16755,False
16756,False
16757,False
16758,False
16759,False
16760,False
16761,False
16762,False
16763,False
16764,False
16765,False
16766,False
16767,False
16768,False
16769,False
16770,False
16771,False
16772,False
16773,False
16774,False
16775,False
16776,False
16777,False
16778,False
16779,False
16780,False
16781,False
16782,False
16783,False
16784,False
16785,False
16786,False
16787,False
16788,False
16789,False
16790,False
16791,False
16792,False
16793,False
16794,False
16795,False
16796,False
16797,False
16798,False
16799,False
16800,False
16801,False
16802,False
16803,False
16804,False
16805,False
16806,False
16807,False
16808,False
16809,False
16810,False
16811,False
16812,False
16813,False
16814,False
16815,False
16816,False
16817,False
16818,False
16819,False
16820,False
16821,False
16822,False
16823,False
16824,False
16825,False
16826,False
16827,False
16828,False
16829,False
16830,False
16831,False
16832,False
16833,False
16834,False
16835,False
16836,False
16837,False
16838,False
16839,False
16840,False
16841,False
16842,False
16843,False
16844,False
16845,False
16846,False
16847,False
16848,False
16849,False
16850,False
16851,False
16852,False
16853,False
16854,False
16855,False
16856,False
16857,False
16858,False
16859,False
16860,False
16861,False
16862,False
16863,False
16864,False
16865,False
16866,False
16867,False
16868,False
16869,False
16870,False
16871,False
16872,False
16873,False
16874,False
16875,False
16876,False
16877,False
16878,False
16879,False
16880,False
16881,False
16882,False
16883,False
16884,False
16885,False
16886,False
16887,False
16888,False
16889,False
16890,False
16891,False
16892,False
16893,False
16894,False
16895,False
16896,False
16897,False
16898,False
16899,False
16900,False
16901,False
16902,False
16903,False
16904,False
16905,False
16906,False
16907,False
16908,False
16909,False
16910,False
16911,False
16912,False
16913,False
16914,False
16915,False
16916,False
16917,False
16918,False
16919,False
16920,False
16921,False
16922,False
16923,False
16924,False
16925,False
16926,False
16927,False
16928,False
16929,False
16930,False
16931,False
16932,False
16933,False
16934,False
16935,False
16936,False
16937,False
16938,False
16939,False
16940,False
16941,False
16942,False
16943,False
16944,False
16945,False
16946,False
16947,False
16948,False
16949,False
16950,False
16951,False
16952,False
16953,False
16954,False
16955,False
16956,False
16957,False
16958,False
16959,False
16960,False
16961,False
16962,False
16963,False
16964,False
16965,False
16966,False
16967,False
16968,False
16969,False
16970,False
16971,False
16972,False
16973,False
16974,False
16975,False
16976,False
16977,False
16978,False
16979,False
16980,False
16981,False
16982,False
16983,False
16984,False
16985,False
16986,False
16987,False
16988,False
16989,False
16990,False
16991,False
16992,False
16993,False
16994,False
16995,False
16996,False
16997,False
16998,False
16999,False
17000,False
17001,False
17002,False
17003,False
17004,False
17005,False
17006,False
17007,False
17008,False
17009,False
17010,False
17011,False
17012,False
17013,False
17014,False
17015,False
17016,False
17017,False
17018,False
17019,False
17020,False
17021,False
17022,False
17023,False
17024,False
17025,False
17026,False
17027,False
17028,False
17029,False
17030,False
17031,False
17032,False
17033,False
17034,False
17035,False
17036,False
17037,False
17038,False
17039,False
17040,False
17041,False
17042,False
17043,False
17044,False
17045,False
17046,False
17047,False
17048,False
17049,False
17050,False
17051,False
17052,False
17053,False
17054,False
17055,False
17056,False
17057,False
17058,False
17059,False
17060,False
17061,False
17062,False
17063,False
17064,False
17065,False
17066,False
17067,False
17068,False
17069,False
17070,False
17071,False
17072,False
17073,False
17074,False
17075,False
17076,False
17077,False
17078,False
17079,False
17080,False
17081,False
17082,False
17083,False
17084,False
17085,False
17086,False
17087,False
17088,False
17089,False
17090,False
17091,False
17092,False
17093,False
17094,False
17095,False
17096,False
17097,False
17098,False
17099,False
17100,False
17101,False
17102,False
17103,False
17104,False
17105,False
17106,False
17107,False
17108,False
17109,False
17110,False
17111,False
17112,False
17113,False
17114,False
17115,False
17116,False
17117,False
17118,False
17119,False
17120,False
17121,False
17122,False
17123,False
17124,False
17125,False
17126,False
17127,False
17128,False
17129,False
17130,False
17131,False
17132,False
17133,False
17134,False
17135,False
17136,False
17137,False
17138,False
17139,False
17140,False
17141,False
17142,False
17143,False
17144,False
17145,False
17146,False
17147,False
17148,False
17149,False
17150,False
17151,False
17152,False
17153,False
17154,False
17155,False
17156,False
17157,False
17158,False
17159,False
17160,False
17161,False
17162,False
17163,False
17164,False
17165,False
17166,False
17167,False
17168,False
17169,False
17170,False
17171,False
17172,False
17173,False
17174,False
17175,False
17176,False
17177,False
17178,False
17179,False
17180,False
17181,False
17182,False
17183,False
17184,False
17185,False
17186,False
17187,False
17188,False
17189,False
17190,False
17191,False
17192,False
17193,False
17194,False
17195,False
17196,False
17197,False
17198,False
17199,False
17200,False
17201,False
17202,False
17203,False
17204,False
17205,False
17206,False
17207,False
17208,False
17209,False
17210,False
17211,False
17212,False
17213,False
17214,False
17215,False
17216,False
17217,False
17218,False
17219,False
17220,False
17221,False
17222,False
17223,False
17224,False
17225,False
17226,False
17227,False
17228,False
17229,False
17230,False
17231,False
17232,False
17233,False
17234,False
17235,False
17236,False
17237,False
17238,False
17239,False
17240,False
17241,False
17242,False
17243,False
17244,False
17245,False
17246,False
17247,False
17248,False
17249,False
17250,False
17251,False
17252,False
17253,False
17254,False
17255,False
17256,False
17257,False
17258,False
17259,False
17260,False
17261,False
17262,False
17263,False
17264,False
17265,False
17266,False
17267,False
17268,False
17269,False
17270,False
17271,False
17272,False
17273,False
17274,False
17275,False
17276,False
17277,False
17278,False
17279,False
17280,False
17281,False
17282,False
17283,False
17284,False
17285,False
17286,False
17287,False
17288,False
17289,False
17290,False
17291,False
17292,False
17293,False
17294,False
17295,False
17296,False
17297,False
17298,False
17299,False
17300,False
17301,False
17302,False
17303,False
17304,False
17305,False
17306,False
17307,False
17308,False
17309,False
17310,False
17311,False
17312,False
17313,False
17314,False
17315,False
17316,False
17317,False
17318,False
17319,False
17320,False
17321,False
17322,False
17323,False
17324,False
17325,False
17326,False
17327,False
17328,False
17329,False
17330,False
17331,False
17332,False
17333,False
17334,False
17335,False
17336,False
17337,False
17338,False
17339,False
17340,False
17341,False
17342,False
17343,False
17344,False
17345,False
17346,False
17347,False
17348,False
17349,False
17350,False
17351,False
17352,False
17353,False
17354,False
17355,False
17356,False
17357,False
17358,False
17359,False
17360,False
17361,False
17362,False
17363,False
17364,False
17365,False
17366,False
17367,False
17368,False
17369,False
17370,False
17371,False
17372,False
17373,False
17374,False
17375,False
17376,False
17377,False
17378,False
17379,False
17380,False
17381,False
17382,False
17383,False
17384,False
17385,False
17386,False
17387,False
17388,False
17389,False
17390,False
17391,False
17392,False
17393,False
17394,False
17395,False
17396,False
17397,False
17398,False
17399,False
17400,False
17401,False
17402,False
17403,False
17404,False
17405,False
17406,False
17407,False
17408,False
17409,False
17410,False
17411,False
17412,False
17413,False
17414,False
17415,False
17416,False
17417,False
17418,False
17419,False
17420,False
17421,False
17422,False
17423,False
17424,False
17425,False
17426,False
17427,False
17428,False
17429,False
17430,False
17431,False
17432,False
17433,False
17434,False
17435,False
17436,False
17437,False
17438,False
17439,False
17440,False
17441,False
17442,False
17443,False
17444,False
17445,False
17446,False
17447,False
17448,False
17449,False
17450,False
17451,False
17452,False
17453,False
17454,False
17455,False
17456,False
17457,False
17458,False
17459,False
17460,False
17461,False
17462,False
17463,False
17464,False
17465,False
17466,False
17467,False
17468,False
17469,False
17470,False
17471,False
17472,False
17473,False
17474,False
17475,False
17476,False
17477,False
17478,False
17479,False
17480,False
17481,False
17482,False
17483,False
17484,False
17485,False
17486,False
17487,False
17488,False
17489,False
17490,False
17491,False
17492,False
17493,False
17494,False
17495,False
17496,False
17497,False
17498,False
17499,False
17500,False
17501,False
17502,False
17503,False
17504,False
17505,False
17506,False
17507,False
17508,False
17509,False
17510,False
17511,False
17512,False
17513,False
17514,False
17515,False
17516,False
17517,False
17518,False
17519,False
17520,False
17521,False
17522,False
17523,False
17524,False
17525,False
17526,False
17527,False
17528,False
17529,False
17530,False
17531,False
17532,False
17533,False
17534,False
17535,False
17536,False
17537,False
17538,False
17539,False
17540,False
17541,False
17542,False
17543,False
17544,False
17545,False
17546,False
17547,False
17548,False
17549,False
17550,False
17551,False
17552,False
17553,False
17554,False
17555,False
17556,False
17557,False
17558,False
17559,False
17560,False
17561,False
17562,False
17563,False
17564,False
17565,False
17566,False
17567,False
17568,False
17569,False
17570,False
17571,False
17572,False
17573,False
17574,False
17575,False
17576,False
17577,False
17578,False
17579,False
17580,False
17581,False
17582,False
17583,False
17584,False
17585,False
17586,False
17587,False
17588,False
17589,False
17590,False
17591,False
17592,False
17593,False
17594,False
17595,False
17596,False
17597,False
17598,False
17599,False
17600,False
17601,False
17602,False
17603,False
17604,False
17605,False
17606,False
17607,False
17608,False
17609,False
17610,False
17611,False
17612,False
17613,False
17614,False
17615,False
17616,False
17617,False
17618,False
17619,False
17620,False
17621,False
17622,False
17623,False
17624,False
17625,False
17626,False
17627,False
17628,False
17629,False
17630,False
17631,False
17632,False
17633,False
17634,False
17635,False
17636,False
17637,False
17638,False
17639,False
17640,False
17641,False
17642,False
17643,False
17644,False
17645,False
17646,False
17647,False
17648,False
17649,False
17650,False
17651,False
17652,False
17653,False
17654,False
17655,False
17656,False
17657,False
17658,False
17659,False
17660,False
17661,False
17662,False
17663,False
17664,False
17665,False
17666,False
17667,False
17668,False
17669,False
17670,False
17671,False
17672,False
17673,False
17674,False
17675,False
17676,False
17677,False
17678,False
17679,False
17680,False
17681,False
17682,False
17683,False
17684,False
17685,False
17686,False
17687,False
17688,False
17689,False
17690,False
17691,False
17692,False
17693,False
17694,False
17695,False
17696,False
17697,False
17698,False
17699,False
17700,False
17701,False
17702,False
17703,False
17704,False
17705,False
17706,False
17707,False
17708,False
17709,False
17710,False
17711,False
17712,False
17713,False
17714,False
17715,False
17716,False
17717,False
17718,False
17719,False
17720,False
17721,False
17722,False
17723,False
17724,False
17725,False
17726,False
17727,False
17728,False
17729,False
17730,False
17731,False
17732,False
17733,False
17734,False
17735,False
17736,False
17737,False
17738,False
17739,False
17740,False
17741,False
17742,False
17743,False
17744,False
17745,False
17746,False
17747,False
17748,False
17749,False
17750,False
17751,False
17752,False
17753,False
17754,False
17755,False
17756,False
17757,False
17758,False
17759,False
17760,False
17761,False
17762,False
17763,False
17764,False
17765,False
17766,False
17767,False
17768,False
17769,False
17770,False
17771,False
17772,False
17773,False
17774,False
17775,False
17776,False
17777,False
17778,False
17779,False
17780,False
17781,False
17782,False
17783,False
17784,False
17785,False
17786,False
17787,False
17788,False
17789,False
17790,False
17791,False
17792,False
17793,False
17794,False
17795,False
17796,False
17797,False
17798,False
17799,False
17800,False
17801,False
17802,False
17803,False
17804,False
17805,False
17806,False
17807,False
17808,False
17809,False
17810,False
17811,False
17812,False
17813,False
17814,False
17815,False
17816,False
17817,False
17818,False
17819,False
17820,False
17821,False
17822,False
17823,False
17824,False
17825,False
17826,False
17827,False
17828,False
17829,False
17830,False
17831,False
17832,False
17833,False
17834,False
17835,False
17836,False
17837,False
17838,False
17839,False
17840,False
17841,False
17842,False
17843,False
17844,False
17845,False
17846,False
17847,False
17848,False
17849,False
17850,False
17851,False
17852,False
17853,False
17854,False
17855,False
17856,False
17857,False
17858,False
17859,False
17860,False
17861,False
17862,False
17863,False
17864,False
17865,False
17866,False
17867,False
17868,False
17869,False
17870,False
17871,False
17872,False
17873,False
17874,False
17875,False
17876,False
17877,False
17878,False
17879,False
17880,False
17881,False
17882,False
17883,False
17884,False
17885,False
17886,False
17887,False
17888,False
17889,False
17890,False
17891,False
17892,False
17893,False
17894,False
17895,False
17896,False
17897,False
17898,False
17899,False
17900,False
17901,False
17902,False
17903,False
17904,False
17905,False
17906,False
17907,False
17908,False
17909,False
17910,False
17911,False
17912,False
17913,False
17914,False
17915,False
17916,False
17917,False
17918,False
17919,False
17920,False
17921,False
17922,False
17923,False
17924,False
17925,False
17926,False
17927,False
17928,False
17929,False
17930,False
17931,False
17932,False
17933,False
17934,False
17935,False
17936,False
17937,False
17938,False
17939,False
17940,False
17941,False
17942,False
17943,False
17944,False
17945,False
17946,False
17947,False
17948,False
17949,False
17950,False
17951,False
17952,False
17953,False
17954,False
17955,False
17956,False
17957,False
17958,False
17959,False
17960,False
17961,False
17962,False
17963,False
17964,False
17965,False
17966,False
17967,False
17968,False
17969,False
17970,False
17971,False
17972,False
17973,False
17974,False
17975,False
17976,False
17977,False
17978,False
17979,False
17980,False
17981,False
17982,False
17983,False
17984,False
17985,False
17986,False
17987,False
17988,False
17989,False
17990,False
17991,False
17992,False
17993,False
17994,False
17995,False
17996,False
17997,False
17998,False
17999,False
18000,False
18001,False
18002,False
18003,False
18004,False
18005,False
18006,False
18007,False
18008,False
18009,False
18010,False
18011,False
18012,False
18013,False
18014,False
18015,False
18016,False
18017,False
18018,False
18019,False
18020,False
18021,False
18022,False
18023,False
18024,False
18025,False
18026,False
18027,False
18028,False
18029,False
18030,False
18031,False
18032,False
18033,False
18034,False
18035,False
18036,False
18037,False
18038,False
18039,False
18040,False
18041,False
18042,False
18043,False
18044,False
18045,False
18046,False
18047,False
18048,False
18049,False
18050,False
18051,False
18052,False
18053,False
18054,False
18055,False
18056,False
18057,False
18058,False
18059,False
18060,False
18061,False
18062,False
18063,False
18064,False
18065,False
18066,False
18067,False
18068,False
18069,False
18070,False
18071,False
18072,False
18073,False
18074,False
18075,False
18076,False
18077,False
18078,False
18079,False
18080,False
18081,False
18082,False
18083,False
18084,False
18085,False
18086,False
18087,False
18088,False
18089,False
18090,False
18091,False
18092,False
18093,False
18094,False
18095,False
18096,False
18097,False
18098,False
18099,False
18100,False
18101,False
18102,False
18103,False
18104,False
18105,False
18106,False
18107,False
18108,False
18109,False
18110,False
18111,False
18112,False
18113,False
18114,False
18115,False
18116,False
18117,False
18118,False
18119,False
18120,False
18121,False
18122,False
18123,False
18124,False
18125,False
18126,False
18127,False
18128,False
18129,False
18130,False
18131,False
18132,False
18133,False
18134,False
18135,False
18136,False
18137,False
18138,False
18139,False
18140,False
18141,False
18142,False
18143,False
18144,False
18145,False
18146,False
18147,False
18148,False
18149,False
18150,False
18151,False
18152,False
18153,False
18154,False
18155,False
18156,False
18157,False
18158,False
18159,False
18160,False
18161,False
18162,False
18163,False
18164,False
18165,False
18166,False
18167,False
18168,False
18169,False
18170,False
18171,False
18172,False
18173,False
18174,False
18175,False
18176,False
18177,False
18178,False
18179,False
18180,False
18181,False
18182,False
18183,False
18184,False
18185,False
18186,False
18187,False
18188,False
18189,False
18190,False
18191,False
18192,False
18193,False
18194,False
18195,False
18196,False
18197,False
18198,False
18199,False
18200,False
18201,False
18202,False
18203,False
18204,False
18205,False
18206,False
18207,False
18208,False
18209,False
18210,False
18211,False
18212,False
18213,False
18214,False
18215,False
18216,False
18217,False
18218,False
18219,False
18220,False
18221,False
18222,False
18223,False
18224,False
18225,False
18226,False
18227,False
18228,False
18229,False
18230,False
18231,False
18232,False
18233,False
18234,False
18235,False
18236,False
18237,False
18238,False
18239,False
18240,False
18241,False
18242,False
18243,False
18244,False
18245,False
18246,False
18247,False
18248,False
18249,False
18250,False
18251,False
18252,False
18253,False
18254,False
18255,False
18256,False
18257,False
18258,False
18259,False
18260,False
18261,False
18262,False
18263,False
18264,False
18265,False
18266,False
18267,False
18268,False
18269,False
18270,False
18271,False
18272,False
18273,False
18274,False
18275,False
18276,False
18277,False
18278,False
18279,False
18280,False
18281,False
18282,False
18283,False
18284,False
18285,False
18286,False
18287,False
18288,False
18289,False
18290,False
18291,False
18292,False
18293,False
18294,False
18295,False
18296,False
18297,False
18298,False
18299,False
18300,False
18301,False
18302,False
18303,False
18304,False
18305,False
18306,False
18307,False
18308,False
18309,False
18310,False
18311,False
18312,False
18313,False
18314,False
18315,False
18316,False
18317,False
18318,False
18319,False
18320,False
18321,False
18322,False
18323,False
18324,False
18325,False
18326,False
18327,False
18328,False
18329,False
18330,False
18331,False
18332,False
18333,False
18334,False
18335,False
18336,False
18337,False
18338,False
18339,False
18340,False
18341,False
18342,False
18343,False
18344,False
18345,False
18346,False
18347,False
18348,False
18349,False
18350,False
18351,False
18352,False
18353,False
18354,False
18355,False
18356,False
18357,False
18358,False
18359,False
18360,False
18361,False
18362,False
18363,False
18364,False
18365,False
18366,False
18367,False
18368,False
18369,False
18370,False
18371,False
18372,False
18373,False
18374,False
18375,False
18376,False
18377,False
18378,False
18379,False
18380,False
18381,False
18382,False
18383,False
18384,False
18385,False
18386,False
18387,False
18388,False
18389,False
18390,False
18391,False
18392,False
18393,False
18394,False
18395,False
18396,False
18397,False
18398,False
18399,False
18400,False
18401,False
18402,False
18403,False
18404,False
18405,False
18406,False
18407,False
18408,False
18409,False
18410,False
18411,False
18412,False
18413,False
18414,False
18415,False
18416,False
18417,False
18418,False
18419,False
18420,False
18421,False
18422,False
18423,False
18424,False
18425,False
18426,False
18427,False
18428,False
18429,False
18430,False
18431,False
18432,False
18433,False
18434,False
18435,False
18436,False
18437,False
18438,False
18439,False
18440,False
18441,False
18442,False
18443,False
18444,False
18445,False
18446,False
18447,False
18448,False
18449,False
18450,False
18451,False
18452,False
18453,False
18454,False
18455,False
18456,False
18457,False
18458,False
18459,False
18460,False
18461,False
18462,False
18463,False
18464,False
18465,False
18466,False
18467,False
18468,False
18469,False
18470,False
18471,False
18472,False
18473,False
18474,False
18475,False
18476,False
18477,False
18478,False
18479,False
18480,False
18481,False
18482,False
18483,False
18484,False
18485,False
18486,False
18487,False
18488,False
18489,False
18490,False
18491,False
18492,False
18493,False
18494,False
18495,False
18496,False
18497,False
18498,False
18499,False
18500,False
18501,False
18502,False
18503,False
18504,False
18505,False
18506,False
18507,False
18508,False
18509,False
18510,False
18511,False
18512,False
18513,False
18514,False
18515,False
18516,False
18517,False
18518,False
18519,False
18520,False
18521,False
18522,False
18523,False
18524,False
18525,False
18526,False
18527,False
18528,False
18529,False
18530,False
18531,False
18532,False
18533,False
18534,False
18535,False
18536,False
18537,False
18538,False
18539,False
18540,False
18541,False
18542,False
18543,False
18544,False
18545,False
18546,False
18547,False
18548,False
18549,False
18550,False
18551,False
18552,False
18553,False
18554,False
18555,False
18556,False
18557,False
18558,False
18559,False
18560,False
18561,False
18562,False
18563,False
18564,False
18565,False
18566,False
18567,False
18568,False
18569,False
18570,False
18571,False
18572,False
18573,False
18574,False
18575,False
18576,False
18577,False
18578,False
18579,False
18580,False
18581,False
18582,False
18583,False
18584,False
18585,False
18586,False
18587,False
18588,False
18589,False
18590,False
18591,False
18592,False
18593,False
18594,False
18595,False
18596,False
18597,False
18598,False
18599,False
18600,False
18601,False
18602,False
18603,False
18604,False
18605,False
18606,False
18607,False
18608,False
18609,False
18610,False
18611,False
18612,False
18613,False
18614,False
18615,False
18616,False
18617,False
18618,False
18619,False
18620,False
18621,False
18622,False
18623,False
18624,False
18625,False
18626,False
18627,False
18628,False
18629,False
18630,False
18631,False
18632,False
18633,False
18634,False
18635,False
18636,False
18637,False
18638,False
18639,False
18640,False
18641,False
18642,False
18643,False
18644,False
18645,False
18646,False
18647,False
18648,False
18649,False
18650,False
18651,False
18652,False
18653,False
18654,False
18655,False
18656,False
18657,False
18658,False
18659,False
18660,False
18661,False
18662,False
18663,False
18664,False
18665,False
18666,False
18667,False
18668,False
18669,False
18670,False
18671,False
18672,False
18673,False
18674,False
18675,False
18676,False
18677,False
18678,False
18679,False
18680,False
18681,False
18682,False
18683,False
18684,False
18685,False
18686,False
18687,False
18688,False
18689,False
18690,False
18691,False
18692,False
18693,False
18694,False
18695,False
18696,False
18697,False
18698,False
18699,False
18700,False
18701,False
18702,False
18703,False
18704,False
18705,False
18706,False
18707,False
18708,False
18709,False
18710,False
18711,False
18712,False
18713,False
18714,False
18715,False
18716,False
18717,False
18718,False
18719,False
18720,False
18721,False
18722,False
18723,False
18724,False
18725,False
18726,False
18727,False
18728,False
18729,False
18730,False
18731,False
18732,False
18733,False
18734,False
18735,False
18736,False
18737,False
18738,False
18739,False
18740,False
18741,False
18742,False
18743,False
18744,False
18745,False
18746,False
18747,False
18748,False
18749,False
18750,False
18751,False
18752,False
18753,False
18754,False
18755,False
18756,False
18757,False
18758,False
18759,False
18760,False
18761,False
18762,False
18763,False
18764,False
18765,False
18766,False
18767,False
18768,False
18769,False
18770,False
18771,False
18772,False
18773,False
18774,False
18775,False
18776,False
18777,False
18778,False
18779,False
18780,False
18781,False
18782,False
18783,False
18784,False
18785,False
18786,False
18787,False
18788,False
18789,False
18790,False
18791,False
18792,False
18793,False
18794,False
18795,False
18796,False
18797,False
18798,False
18799,False
18800,False
18801,False
18802,False
18803,False
18804,False
18805,False
18806,False
18807,False
18808,False
18809,False
18810,False
18811,False
18812,False
18813,False
18814,False
18815,False
18816,False
18817,False
18818,False
18819,False
18820,False
18821,False
18822,False
18823,False
18824,False
18825,False
18826,False
18827,False
18828,False
18829,False
18830,False
18831,False
18832,False
18833,False
18834,False
18835,False
18836,False
18837,False
18838,False
18839,False
18840,False
18841,False
18842,False
18843,False
18844,False
18845,False
18846,False
18847,False
18848,False
18849,False
18850,False
18851,False
18852,False
18853,False
18854,False
18855,False
18856,False
18857,False
18858,False
18859,False
18860,False
18861,False
18862,False
18863,False
18864,False
18865,False
18866,False
18867,False
18868,False
18869,False
18870,False
18871,False
18872,False
18873,False
18874,False
18875,False
18876,False
18877,False
18878,False
18879,False
18880,False
18881,False
18882,False
18883,False
18884,False
18885,False
18886,False
18887,False
18888,False
18889,False
18890,False
18891,False
18892,False
18893,False
18894,False
18895,False
18896,False
18897,False
18898,False
18899,False
18900,False
18901,False
18902,False
18903,False
18904,False
18905,False
18906,False
18907,False
18908,False
18909,False
18910,False
18911,False
18912,False
18913,False
18914,False
18915,False
18916,False
18917,False
18918,False
18919,False
18920,False
18921,False
18922,False
18923,False
18924,False
18925,False
18926,False
18927,False
18928,False
18929,False
18930,False
18931,False
18932,False
18933,False
18934,False
18935,False
18936,False
18937,False
18938,False
18939,False
18940,False
18941,False
18942,False
18943,False
18944,False
18945,False
18946,False
18947,False
18948,False
18949,False
18950,False
18951,False
18952,False
18953,False
18954,False
18955,False
18956,False
18957,False
18958,False
18959,False
18960,False
18961,False
18962,False
18963,False
18964,False
18965,False
18966,False
18967,False
18968,False
18969,False
18970,False
18971,False
18972,False
18973,False
18974,False
18975,False
18976,False
18977,False
18978,False
18979,False
18980,False
18981,False
18982,False
18983,False
18984,False
18985,False
18986,False
18987,False
18988,False
18989,False
18990,False
18991,False
18992,False
18993,False
18994,False
18995,False
18996,False
18997,False
18998,False
18999,False
19000,False
19001,False
19002,False
19003,False
19004,False
19005,False
19006,False
19007,False
19008,False
19009,False
19010,False
19011,False
19012,False
19013,False
19014,False
19015,False
19016,False
19017,False
19018,False
19019,False
19020,False
19021,False
19022,False
19023,False
19024,False
19025,False
19026,False
19027,False
19028,False
19029,False
19030,False
19031,False
19032,False
19033,False
19034,False
19035,False
19036,False
19037,False
19038,False
19039,False
19040,False
19041,False
19042,False
19043,False
19044,False
19045,False
19046,False
19047,False
19048,False
19049,False
19050,False
19051,False
19052,False
19053,False
19054,False
19055,False
19056,False
19057,False
19058,False
19059,False
19060,False
19061,False
19062,False
19063,False
19064,False
19065,False
19066,False
19067,False
19068,False
19069,False
19070,False
19071,False
19072,False
19073,False
19074,False
19075,False
19076,False
19077,False
19078,False
19079,False
19080,False
19081,False
19082,False
19083,False
19084,False
19085,False
19086,False
19087,False
19088,False
19089,False
19090,False
19091,False
19092,False
19093,False
19094,False
19095,False
19096,False
19097,False
19098,False
19099,False
19100,False
19101,False
19102,False
19103,False
19104,False
19105,False
19106,False
19107,False
19108,False
19109,False
19110,False
19111,False
19112,False
19113,False
19114,False
19115,False
19116,False
19117,False
19118,False
19119,False
19120,False
19121,False
19122,False
19123,False
19124,False
19125,False
19126,False
19127,False
19128,False
19129,False
19130,False
19131,False
19132,False
19133,False
19134,False
19135,False
19136,False
19137,False
19138,False
19139,False
19140,False
19141,False
19142,False
19143,False
19144,False
19145,False
19146,False
19147,False
19148,False
19149,False
19150,False
19151,False
19152,False
19153,False
19154,False
19155,False
19156,False
19157,False
19158,False
19159,False
19160,False
19161,False
19162,False
19163,False
19164,False
19165,False
19166,False
19167,False
19168,False
19169,False
19170,False
19171,False
19172,False
19173,False
19174,False
19175,False
19176,False
19177,False
19178,False
19179,False
19180,False
19181,False
19182,False
19183,False
19184,False
19185,False
19186,False
19187,False
19188,False
19189,False
19190,False
19191,False
19192,False
19193,False
19194,False
19195,False
19196,False
19197,False
19198,False
19199,False
19200,False
19201,False
19202,False
19203,False
19204,False
19205,False
19206,False
19207,False
19208,False
19209,False
19210,False
19211,False
19212,False
19213,False
19214,False
19215,False
19216,False
19217,False
19218,False
19219,False
19220,False
19221,False
19222,False
19223,False
19224,False
19225,False
19226,False
19227,False
19228,False
19229,False
19230,False
19231,False
19232,False
19233,False
19234,False
19235,False
19236,False
19237,False
19238,False
19239,False
19240,False
19241,False
19242,False
19243,False
19244,False
19245,False
19246,False
19247,False
19248,False
19249,False
19250,False
19251,False
19252,False
19253,False
19254,False
19255,False
19256,False
19257,False
19258,False
19259,False
19260,False
19261,False
19262,False
19263,False
19264,False
19265,False
19266,False
19267,False
19268,False
19269,False
19270,False
19271,False
19272,False
19273,False
19274,False
19275,False
19276,False
19277,False
19278,False
19279,False
19280,False
19281,False
19282,False
19283,False
19284,False
19285,False
19286,False
19287,False
19288,False
19289,False
19290,False
19291,False
19292,False
19293,False
19294,False
19295,False
19296,False
19297,False
19298,False
19299,False
19300,False
19301,False
19302,False
19303,False
19304,False
19305,False
19306,False
19307,False
19308,False
19309,False
19310,False
19311,False
19312,False
19313,False
19314,False
19315,False
19316,False
19317,False
19318,False
19319,False
19320,False
19321,False
19322,False
19323,False
19324,False
19325,False
19326,False
19327,False
19328,False
19329,False
19330,False
19331,False
19332,False
19333,False
19334,False
19335,False
19336,False
19337,False
19338,False
19339,False
19340,False
19341,False
19342,False
19343,False
19344,False
19345,False
19346,False
19347,False
19348,False
19349,False
19350,False
19351,False
19352,False
19353,False
19354,False
19355,False
19356,False
19357,False
19358,False
19359,False
19360,False
19361,False
19362,False
19363,False
19364,False
19365,False
19366,False
19367,False
19368,False
19369,False
19370,False
19371,False
19372,False
19373,False
19374,False
19375,False
19376,False
19377,False
19378,False
19379,False
19380,False
19381,False
19382,False
19383,False
19384,False
19385,False
19386,False
19387,False
19388,False
19389,False
19390,False
19391,False
19392,False
19393,False
19394,False
19395,False
19396,False
19397,False
19398,False
19399,False
19400,False
19401,False
19402,False
19403,False
19404,False
19405,False
19406,False
19407,False
19408,False
19409,False
19410,False
19411,False
19412,False
19413,False
19414,False
19415,False
19416,False
19417,False
19418,False
19419,False
19420,False
19421,False
19422,False
19423,False
19424,False
19425,False
19426,False
19427,False
19428,False
19429,False
19430,False
19431,False
19432,False
19433,False
19434,False
19435,False
19436,False
19437,False
19438,False
19439,False
19440,False
19441,False
19442,False
19443,False
19444,False
19445,False
19446,False
19447,False
19448,False
19449,False
19450,False
19451,False
19452,False
19453,False
19454,False
19455,False
19456,False
19457,False
19458,False
19459,False
19460,False
19461,False
19462,False
19463,False
19464,False
19465,False
19466,False
19467,False
19468,False
19469,False
19470,False
19471,False
19472,False
19473,False
19474,False
19475,False
19476,False
19477,False
19478,False
19479,False
19480,False
19481,False
19482,False
19483,False
19484,False
19485,False
19486,False
19487,False
19488,False
19489,False
19490,False
19491,False
19492,False
19493,False
19494,False
19495,False
19496,False
19497,False
19498,False
19499,False
19500,False
19501,False
19502,False
19503,False
19504,False
19505,False
19506,False
19507,False
19508,False
19509,False
19510,False
19511,False
19512,False
19513,False
19514,False
19515,False
19516,False
19517,False
19518,False
19519,False
19520,False
19521,False
19522,False
19523,False
19524,False
19525,False
19526,False
19527,False
19528,False
19529,False
19530,False
19531,False
19532,False
19533,False
19534,False
19535,False
19536,False
19537,False
19538,False
19539,False
19540,False
19541,False
19542,False
19543,False
19544,False
19545,False
19546,False
19547,False
19548,False
19549,False
19550,False
19551,False
19552,False
19553,False
19554,False
19555,False
19556,False
19557,False
19558,False
19559,False
19560,False
19561,False
19562,False
19563,False
19564,False
19565,False
19566,False
19567,False
19568,False
19569,False
19570,False
19571,False
19572,False
19573,False
19574,False
19575,False
19576,False
19577,False
19578,False
19579,False
19580,False
19581,False
19582,False
19583,False
19584,False
19585,False
19586,False
19587,False
19588,False
19589,False
19590,False
19591,False
19592,False
19593,False
19594,False
19595,False
19596,False
19597,False
19598,False
19599,False
19600,False
19601,False
19602,False
19603,False
19604,False
19605,False
19606,False
19607,False
19608,False
19609,False
19610,False
19611,False
19612,False
19613,False
19614,False
19615,False
19616,False
19617,False
19618,False
19619,False
19620,False
19621,False
19622,False
19623,False
19624,False
19625,False
19626,False
19627,False
19628,False
19629,False
19630,False
19631,False
19632,False
19633,False
19634,False
19635,False
19636,False
19637,False
19638,False
19639,False
19640,False
19641,False
19642,False
19643,False
19644,False
19645,False
19646,False
19647,False
19648,False
19649,False
19650,False
19651,False
19652,False
19653,False
19654,False
19655,False
19656,False
19657,False
19658,False
19659,False
19660,False
19661,False
19662,False
19663,False
19664,False
19665,False
19666,False
19667,False
19668,False
19669,False
19670,False
19671,False
19672,False
19673,False
19674,False
19675,False
19676,False
19677,False
19678,False
19679,False
19680,False
19681,False
19682,False
19683,False
19684,False
19685,False
19686,False
19687,False
19688,False
19689,False
19690,False
19691,False
19692,False
19693,False
19694,False
19695,False
19696,False
19697,False
19698,False
19699,False
19700,False
19701,False
19702,False
19703,False
19704,False
19705,False
19706,False
19707,False
19708,False
19709,False
19710,False
19711,False
19712,False
19713,False
19714,False
19715,False
19716,False
19717,False
19718,False
19719,False
19720,False
19721,False
19722,False
19723,False
19724,False
19725,False
19726,False
19727,False
19728,False
19729,False
19730,False
19731,False
19732,False
19733,False
19734,False
19735,False
19736,False
19737,False
19738,False
19739,False
19740,False
19741,False
19742,False
19743,False
19744,False
19745,False
19746,False
19747,False
19748,False
19749,False
19750,False
19751,False
19752,False
19753,False
19754,False
19755,False
19756,False
19757,False
19758,False
19759,False
19760,False
19761,False
19762,False
19763,False
19764,False
19765,False
19766,False
19767,False
19768,False
19769,False
19770,False
19771,False
19772,False
19773,False
19774,False
19775,False
19776,False
19777,False
19778,False
19779,False
19780,False
19781,False
19782,False
19783,False
19784,False
19785,False
19786,False
19787,False
19788,False
19789,False
19790,False
19791,False
19792,False
19793,False
19794,False
19795,False
19796,False
19797,False
19798,False
19799,False
19800,False
19801,False
19802,False
19803,False
19804,False
19805,False
19806,False
19807,False
19808,False
19809,False
19810,False
19811,False
19812,False
19813,False
19814,False
19815,False
19816,False
19817,False
19818,False
19819,False
19820,False
19821,False
19822,False
19823,False
19824,False
19825,False
19826,False
19827,False
19828,False
19829,False
19830,False
19831,False
19832,False
19833,False
19834,False
19835,False
19836,False
19837,False
19838,False
19839,False
19840,False
19841,False
19842,False
19843,False
19844,False
19845,False
19846,False
19847,False
19848,False
19849,False
19850,False
19851,False
19852,False
19853,False
19854,False
19855,False
19856,False
19857,False
19858,False
19859,False
19860,False
19861,False
19862,False
19863,False
19864,False
19865,False
19866,False
19867,False
19868,False
19869,False
19870,False
19871,False
19872,False
19873,False
19874,False
19875,False
19876,False
19877,False
19878,False
19879,False
19880,False
19881,False
19882,False
19883,False
19884,False
19885,False
19886,False
19887,False
19888,False
19889,False
19890,False
19891,False
19892,False
19893,False
19894,False
19895,False
19896,False
19897,False
19898,False
19899,False
19900,False
19901,False
19902,False
19903,False
19904,False
19905,False
19906,False
19907,False
19908,False
19909,False
19910,False
19911,False
19912,False
19913,False
19914,False
19915,False
19916,False
19917,False
19918,False
19919,False
19920,False
19921,False
19922,False
19923,False
19924,False
19925,False
19926,False
19927,False
19928,False
19929,False
19930,False
19931,False
19932,False
19933,False
19934,False
19935,False
19936,False
19937,False
19938,False
19939,False
19940,False
19941,False
19942,False
19943,False
19944,False
19945,False
19946,False
19947,False
19948,False
19949,False
19950,False
19951,False
19952,False
19953,False
19954,False
19955,False
19956,False
19957,False
19958,False
19959,False
19960,False
19961,False
19962,False
19963,False
19964,False
19965,False
19966,False
19967,False
19968,False
19969,False
19970,False
19971,False
19972,False
19973,False
19974,False
19975,False
19976,False
19977,False
19978,False
19979,False
19980,False
19981,False
19982,False
19983,False
19984,False
19985,False
19986,False
19987,False
19988,False
19989,False
19990,False
19991,False
19992,False
19993,False
19994,False
19995,False
19996,False
19997,False
19998,False
19999,False
20000,False
20001,False
20002,False
20003,False
20004,False
20005,False
20006,False
20007,False
20008,False
20009,False
20010,False
20011,False
20012,False
20013,False
20014,False
20015,False
20016,False
20017,False
20018,False
20019,False
20020,False
20021,False
20022,False
20023,False
20024,False
20025,False
20026,False
20027,False
20028,False
20029,False
20030,False
20031,False
20032,False
20033,False
20034,False
20035,False
20036,False
20037,False
20038,False
20039,False
20040,False
20041,False
20042,False
20043,False
20044,False
20045,False
20046,False
20047,False
20048,False
20049,False
20050,False
20051,False
20052,False
20053,False
20054,False
20055,False
20056,False
20057,False
20058,False
20059,False
20060,False
20061,False
20062,False
20063,False
20064,False
20065,False
20066,False
20067,False
20068,False
20069,False
20070,False
20071,False
20072,False
20073,False
20074,False
20075,False
20076,False
20077,False
20078,False
20079,False
20080,False
20081,False
20082,False
20083,False
20084,False
20085,False
20086,False
20087,False
20088,False
20089,False
20090,False
20091,False
20092,False
20093,False
20094,False
20095,False
20096,False
20097,False
20098,False
20099,False
20100,False
20101,False
20102,False
20103,False
20104,False
20105,False
20106,False
20107,False
20108,False
20109,False
20110,False
20111,False
20112,False
20113,False
20114,False
20115,False
20116,False
20117,False
20118,False
20119,False
20120,False
20121,False
20122,False
20123,False
20124,False
20125,False
20126,False
20127,False
20128,False
20129,False
20130,False
20131,False
20132,False
20133,False
20134,False
20135,False
20136,False
20137,False
20138,False
20139,False
20140,False
20141,False
20142,False
20143,False
20144,False
20145,False
20146,False
20147,False
20148,False
20149,False
20150,False
20151,False
20152,False
20153,False
20154,False
20155,False
20156,False
20157,False
20158,False
20159,False
20160,False
20161,False
20162,False
20163,False
20164,False
20165,False
20166,False
20167,False
20168,False
20169,False
20170,False
20171,False
20172,False
20173,False
20174,False
20175,False
20176,False
20177,False
20178,False
20179,False
20180,False
20181,False
20182,False
20183,False
20184,False
20185,False
20186,False
20187,False
20188,False
20189,False
20190,False
20191,False
20192,False
20193,False
20194,False
20195,False
20196,False
20197,False
20198,False
20199,False
20200,False
20201,False
20202,False
20203,False
20204,False
20205,False
20206,False
20207,False
20208,False
20209,False
20210,False
20211,False
20212,False
20213,False
20214,False
20215,False
20216,False
20217,False
20218,False
20219,False
20220,False
20221,False
20222,False
20223,False
20224,False
20225,False
20226,False
20227,False
20228,False
20229,False
20230,False
20231,False
20232,False
20233,False
20234,False
20235,False
20236,False
20237,False
20238,False
20239,False
20240,False
20241,False
20242,False
20243,False
20244,False
20245,False
20246,False
20247,False
20248,False
20249,False
20250,False
20251,False
20252,False
20253,False
20254,False
20255,False
20256,False
20257,False
20258,False
20259,False
20260,False
20261,False
20262,False
20263,False
20264,False
20265,False
20266,False
20267,False
20268,False
20269,False
20270,False
20271,False
20272,False
20273,False
20274,False
20275,False
20276,False
20277,False
20278,False
20279,False
20280,False
20281,False
20282,False
20283,False
20284,False
20285,False
20286,False
20287,False
20288,False
20289,False
20290,False
20291,False
20292,False
20293,False
20294,False
20295,False
20296,False
20297,False
20298,False
20299,False
20300,False
20301,False
20302,False
20303,False
20304,False
20305,False
20306,False
20307,False
20308,False
20309,False
20310,False
20311,False
20312,False
20313,False
20314,False
20315,False
20316,False
20317,False
20318,False
20319,False
20320,False
20321,False
20322,False
20323,False
20324,False
20325,False
20326,False
20327,False
20328,False
20329,False
20330,False
20331,False
20332,False
20333,False
20334,False
20335,False
20336,False
20337,False
20338,False
20339,False
20340,False
20341,False
20342,False
20343,False
20344,False
20345,False
20346,False
20347,False
20348,False
20349,False
20350,False
20351,False
20352,False
20353,False
20354,False
20355,False
20356,False
20357,False
20358,False
20359,False
20360,False
20361,False
20362,False
20363,False
20364,False
20365,False
20366,False
20367,False
20368,False
20369,False
20370,False
20371,False
20372,False
20373,False
20374,False
20375,False
20376,False
20377,False
20378,False
20379,False
20380,False
20381,False
20382,False
20383,False
20384,False
20385,False
20386,False
20387,False
20388,False
20389,False
20390,False
20391,False
20392,False
20393,False
20394,False
20395,False
20396,False
20397,False
20398,False
20399,False
20400,False
20401,False
20402,False
20403,False
20404,False
20405,False
20406,False
20407,False
20408,False
20409,False
20410,False
20411,False
20412,False
20413,False
20414,False
20415,False
20416,False
20417,False
20418,False
20419,False
20420,False
20421,False
20422,False
20423,False
20424,False
20425,False
20426,False
20427,False
20428,False
20429,False
20430,False
20431,False
20432,False
20433,False
20434,False
20435,False
20436,False
20437,False
20438,False
20439,False
20440,False
20441,False
20442,False
20443,False
20444,False
20445,False
20446,False
20447,False
20448,False
20449,False
20450,False
20451,False
20452,False
20453,False
20454,False
20455,False
20456,False
20457,False
20458,False
20459,False
20460,False
20461,False
20462,False
20463,False
20464,False
20465,False
20466,False
20467,False
20468,False
20469,False
20470,False
20471,False
20472,False
20473,False
20474,False
20475,False
20476,False
20477,False
20478,False
20479,False
20480,False
20481,False
20482,False
20483,False
20484,False
20485,False
20486,False
20487,False
20488,False
20489,False
20490,False
20491,False
20492,False
20493,False
20494,False
20495,False
20496,False
20497,False
20498,False
20499,False
20500,False
20501,False
20502,False
20503,False
20504,False
20505,False
20506,False
20507,False
20508,False
20509,False
20510,False
20511,False
20512,False
20513,False
20514,False
20515,False
20516,False
20517,False
20518,False
20519,False
20520,False
20521,False
20522,False
20523,False
20524,False
20525,False
20526,False
20527,False
20528,False
20529,False
20530,False
20531,False
20532,False
20533,False
20534,False
20535,False
20536,False
20537,False
20538,False
20539,False
20540,False
20541,False
20542,False
20543,False
20544,False
20545,False
20546,False
20547,False
20548,False
20549,False
20550,False
20551,False
20552,False
20553,False
20554,False
20555,False
20556,False
20557,False
20558,False
20559,False
20560,False
20561,False
20562,False
20563,False
20564,False
20565,False
20566,False
20567,False
20568,False
20569,False
20570,False
20571,False
20572,False
20573,False
20574,False
20575,False
20576,False
20577,False
20578,False
20579,False
20580,False
20581,False
20582,False
20583,False
20584,False
20585,False
20586,False
20587,False
20588,False
20589,False
20590,False
20591,False
20592,False
20593,False
20594,False
20595,False
20596,False
20597,False
20598,False
20599,False
20600,False
20601,False
20602,False
20603,False
20604,False
20605,False
20606,False
20607,False
20608,False
20609,False
20610,False
20611,False
20612,False
20613,False
20614,False
20615,False
20616,False
20617,False
20618,False
20619,False
20620,False
20621,False
20622,False
20623,False
20624,False
20625,False
20626,False
20627,False
20628,False
20629,False
20630,False
20631,False
20632,False
20633,False
20634,False
20635,False
20636,False
20637,False
20638,False
20639,False
20640,False
20641,False
20642,False
20643,False
20644,False
20645,False
20646,False
20647,False
20648,False
20649,False
20650,False
20651,False
20652,False
20653,False
20654,False
20655,False
20656,False
20657,False
20658,False
20659,False
20660,False
20661,False
20662,False
20663,False
20664,False
20665,False
20666,False
20667,False
20668,False
20669,False
20670,False
20671,False
20672,False
20673,False
20674,False
20675,False
20676,False
20677,False
20678,False
20679,False
20680,False
20681,False
20682,False
20683,False
20684,False
20685,False
20686,False
20687,False
20688,False
20689,False
20690,False
20691,False
20692,False
20693,False
20694,False
20695,False
20696,False
20697,False
20698,False
20699,False
20700,False
20701,False
20702,False
20703,False
20704,False
20705,False
20706,False
20707,False
20708,False
20709,False
20710,False
20711,False
20712,False
20713,False
20714,False
20715,False
20716,False
20717,False
20718,False
20719,False
20720,False
20721,False
20722,False
20723,False
20724,False
20725,False
20726,False
20727,False
20728,False
20729,False
20730,False
20731,False
20732,False
20733,False
20734,False
20735,False
20736,False
20737,False
20738,False
20739,False
20740,False
20741,False
20742,False
20743,False
20744,False
20745,False
20746,False
20747,False
20748,False
20749,False
20750,False
20751,False
20752,False
20753,False
20754,False
20755,False
20756,False
20757,False
20758,False
20759,False
20760,False
20761,False
20762,False
20763,False
20764,False
20765,False
20766,False
20767,False
20768,False
20769,False
20770,False
20771,False
20772,False
20773,False
20774,False
20775,False
20776,False
20777,False
20778,False
20779,False
20780,False
20781,False
20782,False
20783,False
20784,False
20785,False
20786,False
20787,False
20788,False
20789,False
20790,False
20791,False
20792,False
20793,False
20794,False
20795,False
20796,False
20797,False
20798,False
20799,False
20800,False
20801,False
20802,False
20803,False
20804,False
20805,False
20806,False
20807,False
20808,False
20809,False
20810,False
20811,False
20812,False
20813,False
20814,False
20815,False
20816,False
20817,False
20818,False
20819,False
20820,False
20821,False
20822,False
20823,False
20824,False
20825,False
20826,False
20827,False
20828,False
20829,False
20830,False
20831,False
20832,False
20833,False
20834,False
20835,False
20836,False
20837,False
20838,False
20839,False
20840,False
20841,False
20842,False
20843,False
20844,False
20845,False
20846,False
20847,False
20848,False
20849,False
20850,False
20851,False
20852,False
20853,False
20854,False
20855,False
20856,False
20857,False
20858,False
20859,False
20860,False
20861,False
20862,False
20863,False
20864,False
20865,False
20866,False
20867,False
20868,False
20869,False
20870,False
20871,False
20872,False
20873,False
20874,False
20875,False
20876,False
20877,False
20878,False
20879,False
20880,False
20881,False
20882,False
20883,False
20884,False
20885,False
20886,False
20887,False
20888,False
20889,False
20890,False
20891,False
20892,False
20893,False
20894,False
20895,False
20896,False
20897,False
20898,False
20899,False
20900,False
20901,False
20902,False
20903,False
20904,False
20905,False
20906,False
20907,False
20908,False
20909,False
20910,False
20911,False
20912,False
20913,False
20914,False
20915,False
20916,False
20917,False
20918,False
20919,False
20920,False
20921,False
20922,False
20923,False
20924,False
20925,False
20926,False
20927,False
20928,False
20929,False
20930,False
20931,False
20932,False
20933,False
20934,False
20935,False
20936,False
20937,False
20938,False
20939,False
20940,False
20941,False
20942,False
20943,False
20944,False
20945,False
20946,False
20947,False
20948,False
20949,False
20950,False
20951,False
20952,False
20953,False
20954,False
20955,False
20956,False
20957,False
20958,False
20959,False
20960,False
20961,False
20962,False
20963,False
20964,False
20965,False
20966,False
20967,False
20968,False
20969,False
20970,False
20971,False
20972,False
20973,False
20974,False
20975,False
20976,False
20977,False
20978,False
20979,False
20980,False
20981,False
20982,False
20983,False
20984,False
20985,False
20986,False
20987,False
20988,False
20989,False
20990,False
20991,False
20992,False
20993,False
20994,False
20995,False
20996,False
20997,False
20998,False
20999,False
21000,False
21001,False
21002,False
21003,False
21004,False
21005,False
21006,False
21007,False
21008,False
21009,False
21010,False
21011,False
21012,False
21013,False
21014,False
21015,False
21016,False
21017,False
21018,False
21019,False
21020,False
21021,False
21022,False
21023,False
21024,False
21025,False
21026,False
21027,False
21028,False
21029,False
21030,False
21031,False
21032,False
21033,False
21034,False
21035,False
21036,False
21037,False
21038,False
21039,False
21040,False
21041,False
21042,False
21043,False
21044,False
21045,False
21046,False
21047,False
21048,False
21049,False
21050,False
21051,False
21052,False
21053,False
21054,False
21055,False
21056,False
21057,False
21058,False
21059,False
21060,False
21061,False
21062,False
21063,False
21064,False
21065,False
21066,False
21067,False
21068,False
21069,False
21070,False
21071,False
21072,False
21073,False
21074,False
21075,False
21076,False
21077,False
21078,False
21079,False
21080,False
21081,False
21082,False
21083,False
21084,False
21085,False
21086,False
21087,False
21088,False
21089,False
21090,False
21091,False
21092,False
21093,False
21094,False
21095,False
21096,False
21097,False
21098,False
21099,False
21100,False
21101,False
21102,False
21103,False
21104,False
21105,False
21106,False
21107,False
21108,False
21109,False
21110,False
21111,False
21112,False
21113,False
21114,False
21115,False
21116,False
21117,False
21118,False
21119,False
21120,False
21121,False
21122,False
21123,False
21124,False
21125,False
21126,False
21127,False
21128,False
21129,False
21130,False
21131,False
21132,False
21133,False
21134,False
21135,False
21136,False
21137,False
21138,False
21139,False
21140,False
21141,False
21142,False
21143,False
21144,False
21145,False
21146,False
21147,False
21148,False
21149,False
21150,False
21151,False
21152,False
21153,False
21154,False
21155,False
21156,False
21157,False
21158,False
21159,False
21160,False
21161,False
21162,False
21163,False
21164,False
21165,False
21166,False
21167,False
21168,False
21169,False
21170,False
21171,False
21172,False
21173,False
21174,False
21175,False
21176,False
21177,False
21178,False
21179,False
21180,False
21181,False
21182,False
21183,False
21184,False
21185,False
21186,False
21187,False
21188,False
21189,False
21190,False
21191,False
21192,False
21193,False
21194,False
21195,False
21196,False
21197,False
21198,False
21199,False
21200,False
21201,False
21202,False
21203,False
21204,False
21205,False
21206,False
21207,False
21208,False
21209,False
21210,False
21211,False
21212,False
21213,False
21214,False
21215,False
21216,False
21217,False
21218,False
21219,False
21220,False
21221,False
21222,False
21223,False
21224,False
21225,False
21226,False
21227,False
21228,False
21229,False
21230,False
21231,False
21232,False
21233,False
21234,False
21235,False
21236,False
21237,False
21238,False
21239,False
21240,False
21241,False
21242,False
21243,False
21244,False
21245,False
21246,False
21247,False
21248,False
21249,False
21250,False
21251,False
21252,False
21253,False
21254,False
21255,False
21256,False
21257,False
21258,False
21259,False
21260,False
21261,False
21262,False
21263,False
21264,False
21265,False
21266,False
21267,False
21268,False
21269,False
21270,False
21271,False
21272,False
21273,False
21274,False
21275,False
21276,False
21277,False
21278,False
21279,False
21280,False
21281,False
21282,False
21283,False
21284,False
21285,False
21286,False
21287,False
21288,False
21289,False
21290,False
21291,False
21292,False
21293,False
21294,False
21295,False
21296,False
21297,False
21298,False
21299,False
21300,False
21301,False
21302,False
21303,False
21304,False
21305,False
21306,False
21307,False
21308,False
21309,False
21310,False
21311,False
21312,False
21313,False
21314,False
21315,False
21316,False
21317,False
21318,False
21319,False
21320,False
21321,False
21322,False
21323,False
21324,False
21325,False
21326,False
21327,False
21328,False
21329,False
21330,False
21331,False
21332,False
21333,False
21334,False
21335,False
21336,False
21337,False
21338,False
21339,False
21340,False
21341,False
21342,False
21343,False
21344,False
21345,False
21346,False
21347,False
21348,False
21349,False
21350,False
21351,False
21352,False
21353,False
21354,False
21355,False
21356,False
21357,False
21358,False
21359,False
21360,False
21361,False
21362,False
21363,False
21364,False
21365,False
21366,False
21367,False
21368,False
21369,False
21370,False
21371,False
21372,False
21373,False
21374,False
21375,False
21376,False
21377,False
21378,False
21379,False
21380,False
21381,False
21382,False
21383,False
21384,False
21385,False
21386,False
21387,False
21388,False
21389,False
21390,False
21391,False
21392,False
21393,False
21394,False
21395,False
21396,False
21397,False
21398,False
21399,False
21400,False
21401,False
21402,False
21403,False
21404,False
21405,False
21406,False
21407,False
21408,False
21409,False
21410,False
21411,False
21412,False
21413,False
21414,False
21415,False
21416,False
21417,False
21418,False
21419,False
21420,False
21421,False
21422,False
21423,False
21424,False
21425,False
21426,False
21427,False
21428,False
21429,False
21430,False
21431,False
21432,False
21433,False
21434,False
21435,False
21436,False
21437,False
21438,False
21439,False
21440,False
21441,False
21442,False
21443,False
21444,False
21445,False
21446,False
21447,False
21448,False
21449,False
21450,False
21451,False
21452,False
21453,False
21454,False
21455,False
21456,False
21457,False
21458,False
21459,False
21460,False
21461,False
21462,False
21463,False
21464,False
21465,False
21466,False
21467,False
21468,False
21469,False
21470,False
21471,False
21472,False
21473,False
21474,False
21475,False
21476,False
21477,False
21478,False
21479,False
21480,False
21481,False
21482,False
21483,False
21484,False
21485,False
21486,False
21487,False
21488,False
21489,False
21490,False
21491,False
21492,False
21493,False
21494,False
21495,False
21496,False
21497,False
21498,False
21499,False
21500,False
21501,False
21502,False
21503,False
21504,False
21505,False
21506,False
21507,False
21508,False
21509,False
21510,False
21511,False
21512,False
21513,False
21514,False
21515,False
21516,False
21517,False
21518,False
21519,False
21520,False
21521,False
21522,False
21523,False
21524,False
21525,False
21526,False
21527,False
21528,False
21529,False
21530,False
21531,False
21532,False
21533,False
21534,False
21535,False
21536,False
21537,False
21538,False
21539,False
21540,False
21541,False
21542,False
21543,False
21544,False
21545,False
21546,False
21547,False
21548,False
21549,False
21550,False
21551,False
21552,False
21553,False
21554,False
21555,False
21556,False
21557,False
21558,False
21559,False
21560,False
21561,False
21562,False
21563,False
21564,False
21565,False
21566,False
21567,False
21568,False
21569,False
21570,False
21571,False
21572,False
21573,False
21574,False
21575,False
21576,False
21577,False
21578,False
21579,False
21580,False
21581,False
21582,False
21583,False
21584,False
21585,False
21586,False
21587,False
21588,False
21589,False
21590,False
21591,False
21592,False
21593,False
21594,False
21595,False
21596,False
21597,False
21598,False
21599,False
21600,False
21601,False
21602,False
21603,False
21604,False
21605,False
21606,False
21607,False
21608,False
21609,False
21610,False
21611,False
21612,False
21613,False
21614,False
21615,False
21616,False
21617,False
21618,False
21619,False
21620,False
21621,False
21622,False
21623,False
21624,False
21625,False
21626,False
21627,False
21628,False
21629,False
21630,False
21631,False
21632,False
21633,False
21634,False
21635,False
21636,False
21637,False
21638,False
21639,False
21640,False
21641,False
21642,False
21643,False
21644,False
21645,False
21646,False
21647,False
21648,False
21649,False
21650,False
21651,False
21652,False
21653,False
21654,False
21655,False
21656,False
21657,False
21658,False
21659,False
21660,False
21661,False
21662,False
21663,False
21664,False
21665,False
21666,False
21667,False
21668,False
21669,False
21670,False
21671,False
21672,False
21673,False
21674,False
21675,False
21676,False
21677,False
21678,False
21679,False
21680,False
21681,False
21682,False
21683,False
21684,False
21685,False
21686,False
21687,False
21688,False
21689,False
21690,False
21691,False
21692,False
21693,False
21694,False
21695,False
21696,False
21697,False
21698,False
21699,False
21700,False
21701,False
21702,False
21703,False
21704,False
21705,False
21706,False
21707,False
21708,False
21709,False
21710,False
21711,False
21712,False
21713,False
21714,False
21715,False
21716,False
21717,False
21718,False
21719,False
21720,False
21721,False
21722,False
21723,False
21724,False
21725,False
21726,False
21727,False
21728,False
21729,False
21730,False
21731,False
21732,False
21733,False
21734,False
21735,False
21736,False
21737,False
21738,False
21739,False
21740,False
21741,False
21742,False
21743,False
21744,False
21745,False
21746,False
21747,False
21748,False
21749,False
21750,False
21751,False
21752,False
21753,False
21754,False
21755,False
21756,False
21757,False
21758,False
21759,False
21760,False
21761,False
21762,False
21763,False
21764,False
21765,False
21766,False
21767,False
21768,False
21769,False
21770,False
21771,False
21772,False
21773,False
21774,False
21775,False
21776,False
21777,False
21778,False
21779,False
21780,False
21781,False
21782,False
21783,False
21784,False
21785,False
21786,False
21787,False
21788,False
21789,False
21790,False
21791,False
21792,False
21793,False
21794,False
21795,False
21796,False
21797,False
21798,False
21799,False
21800,False
21801,False
21802,False
21803,False
21804,False
21805,False
21806,False
21807,False
21808,False
21809,False
21810,False
21811,False
21812,False
21813,False
21814,False
21815,False
21816,False
21817,False
21818,False
21819,False
21820,False
21821,False
21822,False
21823,False
21824,False
21825,False
21826,False
21827,False
21828,False
21829,False
21830,False
21831,False
21832,False
21833,False
21834,False
21835,False
21836,False
21837,False
21838,False
21839,False
21840,False
21841,False
21842,False
21843,False
21844,False
21845,False
21846,False
21847,False
21848,False
21849,False
21850,False
21851,False
21852,False
21853,False
21854,False
21855,False
21856,False
21857,False
21858,False
21859,False
21860,False
21861,False
21862,False
21863,False
21864,False
21865,False
21866,False
21867,False
21868,False
21869,False
21870,False
21871,False
21872,False
21873,False
21874,False
21875,False
21876,False
21877,False
21878,False
21879,False
21880,False
21881,False
21882,False
21883,False
21884,False
21885,False
21886,False
21887,False
21888,False
21889,False
21890,False
21891,False
21892,False
21893,False
21894,False
21895,False
21896,False
21897,False
21898,False
21899,False
21900,False
21901,False
21902,False
21903,False
21904,False
21905,False
21906,False
21907,False
21908,False
21909,False
21910,False
21911,False
21912,False
21913,False
21914,False
21915,False
21916,False
21917,False
21918,False
21919,False
21920,False
21921,False
21922,False
21923,False
21924,False
21925,False
21926,False
21927,False
21928,False
21929,False
21930,False
21931,False
21932,False
21933,False
21934,False
21935,False
21936,False
21937,False
21938,False
21939,False
21940,False
21941,False
21942,False
21943,False
21944,False
21945,False
21946,False
21947,False
21948,False
21949,False
21950,False
21951,False
21952,False
21953,False
21954,False
21955,False
21956,False
21957,False
21958,False
21959,False
21960,False
21961,False
21962,False
21963,False
21964,False
21965,False
21966,False
21967,False
21968,False
21969,False
21970,False
21971,False
21972,False
21973,False
21974,False
21975,False
21976,False
21977,False
21978,False
21979,False
21980,False
21981,False
21982,False
21983,False
21984,False
21985,False
21986,False
21987,False
21988,False
21989,False
21990,False
21991,False
21992,False
21993,False
21994,False
21995,False
21996,False
21997,False
21998,False
21999,False
22000,False
22001,False
22002,False
22003,False
22004,False
22005,False
22006,False
22007,False
22008,False
22009,False
22010,False
22011,False
22012,False
22013,False
22014,False
22015,False
22016,False
22017,False
22018,False
22019,False
22020,False
22021,False
22022,False
22023,False
22024,False
22025,False
22026,False
22027,False
22028,False
22029,False
22030,False
22031,False
22032,False
22033,False
22034,False
22035,False
22036,False
22037,False
22038,False
22039,False
22040,False
22041,False
22042,False
22043,False
22044,False
22045,False
22046,False
22047,False
22048,False
22049,False
22050,False
22051,False
22052,False
22053,False
22054,False
22055,False
22056,False
22057,False
22058,False
22059,False
22060,False
22061,False
22062,False
22063,False
22064,False
22065,False
22066,False
22067,False
22068,False
22069,False
22070,False
22071,False
22072,False
22073,False
22074,False
22075,False
22076,False
22077,False
22078,False
22079,False
22080,False
22081,False
22082,False
22083,False
22084,False
22085,False
22086,False
22087,False
22088,False
22089,False
22090,False
22091,False
22092,False
22093,False
22094,False
22095,False
22096,False
22097,False
22098,False
22099,False
22100,False
22101,False
22102,False
22103,False
22104,False
22105,False
22106,False
22107,False
22108,False
22109,False
22110,False
22111,False
22112,False
22113,False
22114,False
22115,False
22116,False
22117,False
22118,False
22119,False
22120,False
22121,False
22122,False
22123,False
22124,False
22125,False
22126,False
22127,False
22128,False
22129,False
22130,False
22131,False
22132,False
22133,False
22134,False
22135,False
22136,False
22137,False
22138,False
22139,False
22140,False
22141,False
22142,False
22143,False
22144,False
22145,False
22146,False
22147,False
22148,False
22149,False
22150,False
22151,False
22152,False
22153,False
22154,False
22155,False
22156,False
22157,False
22158,False
22159,False
22160,False
22161,False
22162,False
22163,False
22164,False
22165,False
22166,False
22167,False
22168,False
22169,False
22170,False
22171,False
22172,False
22173,False
22174,False
22175,False
22176,False
22177,False
22178,False
22179,False
22180,False
22181,False
22182,False
22183,False
22184,False
22185,False
22186,False
22187,False
22188,False
22189,False
22190,False
22191,False
22192,False
22193,False
22194,False
22195,False
22196,False
22197,False
22198,False
22199,False
22200,False
22201,False
22202,False
22203,False
22204,False
22205,False
22206,False
22207,False
22208,False
22209,False
22210,False
22211,False
22212,False
22213,False
22214,False
22215,False
22216,False
22217,False
22218,False
22219,False
22220,False
22221,False
22222,False
22223,False
22224,False
22225,False
22226,False
22227,False
22228,False
22229,False
22230,False
22231,False
22232,False
22233,False
22234,False
22235,False
22236,False
22237,False
22238,False
22239,False
22240,False
22241,False
22242,False
22243,False
22244,False
22245,False
22246,False
22247,False
22248,False
22249,False
22250,False
22251,False
22252,False
22253,False
22254,False
22255,False
22256,False
22257,False
22258,False
22259,False
22260,False
22261,False
22262,False
22263,False
22264,False
22265,False
22266,False
22267,False
22268,False
22269,False
22270,False
22271,False
22272,False
22273,False
22274,False
22275,False
22276,False
22277,False
22278,False
22279,False
22280,False
22281,False
22282,False
22283,False
22284,False
22285,False
22286,False
22287,False
22288,False
22289,False
22290,False
22291,False
22292,False
22293,False
22294,False
22295,False
22296,False
22297,False
22298,False
22299,False
22300,False
22301,False
22302,False
22303,False
22304,False
22305,False
22306,False
22307,False
22308,False
22309,False
22310,False
22311,False
22312,False
22313,False
22314,False
22315,False
22316,False
22317,False
22318,False
22319,False
22320,False
22321,False
22322,False
22323,False
22324,False
22325,False
22326,False
22327,False
22328,False
22329,False
22330,False
22331,False
22332,False
22333,False
22334,False
22335,False
22336,False
22337,False
22338,False
22339,False
22340,False
22341,False
22342,False
22343,False
22344,False
22345,False
22346,False
22347,False
22348,False
22349,False
22350,False
22351,False
22352,False
22353,False
22354,False
22355,False
22356,False
22357,False
22358,False
22359,False
22360,False
22361,False
22362,False
22363,False
22364,False
22365,False
22366,False
22367,False
22368,False
22369,False
22370,False
22371,False
22372,False
22373,False
22374,False
22375,False
22376,False
22377,False
22378,False
22379,False
22380,False
22381,False
22382,False
22383,False
22384,False
22385,False
22386,False
22387,False
22388,False
22389,False
22390,False
22391,False
22392,False
22393,False
22394,False
22395,False
22396,False
22397,False
22398,False
22399,False
22400,False
22401,False
22402,False
22403,False
22404,False
22405,False
22406,False
22407,False
22408,False
22409,False
22410,False
22411,False
22412,False
22413,False
22414,False
22415,False
22416,False
22417,False
22418,False
22419,False
22420,False
22421,False
22422,False
22423,False
22424,False
22425,False
22426,False
22427,False
22428,False
22429,False
22430,False
22431,False
22432,False
22433,False
22434,False
22435,False
22436,False
22437,False
22438,False
22439,False
22440,False
22441,False
22442,False
22443,False
22444,False
22445,False
22446,False
22447,False
22448,False
22449,False
22450,False
22451,False
22452,False
22453,False
22454,False
22455,False
22456,False
22457,False
22458,False
22459,False
22460,False
22461,False
22462,False
22463,False
22464,False
22465,False
22466,False
22467,False
22468,False
22469,False
22470,False
22471,False
22472,False
22473,False
22474,False
22475,False
22476,False
22477,False
22478,False
22479,False
22480,False
22481,False
22482,False
22483,False
22484,False
22485,False
22486,False
22487,False
22488,False
22489,False
22490,False
22491,False
22492,False
22493,False
22494,False
22495,False
22496,False
22497,False
22498,False
22499,False
22500,False
22501,False
22502,False
22503,False
22504,False
22505,False
22506,False
22507,False
22508,False
22509,False
22510,False
22511,False
22512,False
22513,False
22514,False
22515,False
22516,False
22517,False
22518,False
22519,False
22520,False
22521,False
22522,False
22523,False
22524,False
22525,False
22526,False
22527,False
22528,False
22529,False
22530,False
22531,False
22532,False
22533,False
22534,False
22535,False
22536,False
22537,False
22538,False
22539,False
22540,False
22541,False
22542,False
22543,False
22544,False
22545,False
22546,False
22547,False
22548,False
22549,False
22550,False
22551,False
22552,False
22553,False
22554,False
22555,False
22556,False
22557,False
22558,False
22559,False
22560,False
22561,False
22562,False
22563,False
22564,False
22565,False
22566,False
22567,False
22568,False
22569,False
22570,False
22571,False
22572,False
22573,False
22574,False
22575,False
22576,False
22577,False
22578,False
22579,False
22580,False
22581,False
22582,False
22583,False
22584,False
22585,False
22586,False
22587,False
22588,False
22589,False
22590,False
22591,False
22592,False
22593,False
22594,False
22595,False
22596,False
22597,False
22598,False
22599,False
22600,False
22601,False
22602,False
22603,False
22604,False
22605,False
22606,False
22607,False
22608,False
22609,False
22610,False
22611,False
22612,False
22613,False
22614,False
22615,False
22616,False
22617,False
22618,False
22619,False
22620,False
22621,False
22622,False
22623,False
22624,False
22625,False
22626,False
22627,False
22628,False
22629,False
22630,False
22631,False
22632,False
22633,False
22634,False
22635,False
22636,False
22637,False
22638,False
22639,False
22640,False
22641,False
22642,False
22643,False
22644,False
22645,False
22646,False
22647,False
22648,False
22649,False
22650,False
22651,False
22652,False
22653,False
22654,False
22655,False
22656,False
22657,False
22658,False
22659,False
22660,False
22661,False
22662,False
22663,False
22664,False
22665,False
22666,False
22667,False
22668,False
22669,False
22670,False
22671,False
22672,False
22673,False
22674,False
22675,False
22676,False
22677,False
22678,False
22679,False
22680,False
22681,False
22682,False
22683,False
22684,False
22685,False
22686,False
22687,False
22688,False
22689,False
22690,False
22691,False
22692,False
22693,False
22694,False
22695,False
22696,False
22697,False
22698,False
22699,False
22700,False
22701,False
22702,False
22703,False
22704,False
22705,False
22706,False
22707,False
22708,False
22709,False
22710,False
22711,False
22712,False
22713,False
22714,False
22715,False
22716,False
22717,False
22718,False
22719,False
22720,False
22721,False
22722,False
22723,False
22724,False
22725,False
22726,False
22727,False
22728,False
22729,False
22730,False
22731,False
22732,False
22733,False
22734,False
22735,False
22736,False
22737,False
22738,False
22739,False
22740,False
22741,False
22742,False
22743,False
22744,False
22745,False
22746,False
22747,False
22748,False
22749,False
22750,False
22751,False
22752,False
22753,False
22754,False
22755,False
22756,False
22757,False
22758,False
22759,False
22760,False
22761,False
22762,False
22763,False
22764,False
22765,False
22766,False
22767,False
22768,False
22769,False
22770,False
22771,False
22772,False
22773,False
22774,False
22775,False
22776,False
22777,False
22778,False
22779,False
22780,False
22781,False
22782,False
22783,False
22784,False
22785,False
22786,False
22787,False
22788,False
22789,False
22790,False
22791,False
22792,False
22793,False
22794,False
22795,False
22796,False
22797,False
22798,False
22799,False
22800,False
22801,False
22802,False
22803,False
22804,False
22805,False
22806,False
22807,False
22808,False
22809,False
22810,False
22811,False
22812,False
22813,False
22814,False
22815,False
22816,False
22817,False
22818,False
22819,False
22820,False
22821,False
22822,False
22823,False
22824,False
22825,False
22826,False
22827,False
22828,False
22829,False
22830,False
22831,False
22832,False
22833,False
22834,False
22835,False
22836,False
22837,False
22838,False
22839,False
22840,False
22841,False
22842,False
22843,False
22844,False
22845,False
22846,False
22847,False
22848,False
22849,False
22850,False
22851,False
22852,False
22853,False
22854,False
22855,False
22856,False
22857,False
22858,False
22859,False
22860,False
22861,False
22862,False
22863,False
22864,False
22865,False
22866,False
22867,False
22868,False
22869,False
22870,False
22871,False
22872,False
22873,False
22874,False
22875,False
22876,False
22877,False
22878,False
22879,False
22880,False
22881,False
22882,False
22883,False
22884,False
22885,False
22886,False
22887,False
22888,False
22889,False
22890,False
22891,False
22892,False
22893,False
22894,False
22895,False
22896,False
22897,False
22898,False
22899,False
22900,False
22901,False
22902,False
22903,False
22904,False
22905,False
22906,False
22907,False
22908,False
22909,False
22910,False
22911,False
22912,False
22913,False
22914,False
22915,False
22916,False
22917,False
22918,False
22919,False
22920,False
22921,False
22922,False
22923,False
22924,False
22925,False
22926,False
22927,False
22928,False
22929,False
22930,False
22931,False
22932,False
22933,False
22934,False
22935,False
22936,False
22937,False
22938,False
22939,False
22940,False
22941,False
22942,False
22943,False
22944,False
22945,False
22946,False
22947,False
22948,False
22949,False
22950,False
22951,False
22952,False
22953,False
22954,False
22955,False
22956,False
22957,False
22958,False
22959,False
22960,False
22961,False
22962,False
22963,False
22964,False
22965,False
22966,False
22967,False
22968,False
22969,False
22970,False
22971,False
22972,False
22973,False
22974,False
22975,False
22976,False
22977,False
22978,False
22979,False
22980,False
22981,False
22982,False
22983,False
22984,False
22985,False
22986,False
22987,False
22988,False
22989,False
22990,False
22991,False
22992,False
22993,False
22994,False
22995,False
22996,False
22997,False
22998,False
22999,False
23000,False
23001,False
23002,False
23003,False
23004,False
23005,False
23006,False
23007,False
23008,False
23009,False
23010,False
23011,False
23012,False
23013,False
23014,False
23015,False
23016,False
23017,False
23018,False
23019,False
23020,False
23021,False
23022,False
23023,False
23024,False
23025,False
23026,False
23027,False
23028,False
23029,False
23030,False
23031,False
23032,False
23033,False
23034,False
23035,False
23036,False
23037,False
23038,False
23039,False
23040,False
23041,False
23042,False
23043,False
23044,False
23045,False
23046,False
23047,False
23048,False
23049,False
23050,False
23051,False
23052,False
23053,False
23054,False
23055,False
23056,False
23057,False
23058,False
23059,False
23060,False
23061,False
23062,False
23063,False
23064,False
23065,False
23066,False
23067,False
23068,False
23069,False
23070,False
23071,False
23072,False
23073,False
23074,False
23075,False
23076,False
23077,False
23078,False
23079,False
23080,False
23081,False
23082,False
23083,False
23084,False
23085,False
23086,False
23087,False
23088,False
23089,False
23090,False
23091,False
23092,False
23093,False
23094,False
23095,False
23096,False
23097,False
23098,False
23099,False
23100,False
23101,False
23102,False
23103,False
23104,False
23105,False
23106,False
23107,False
23108,False
23109,False
23110,False
23111,False
23112,False
23113,False
23114,False
23115,False
23116,False
23117,False
23118,False
23119,False
23120,False
23121,False
23122,False
23123,False
23124,False
23125,False
23126,False
23127,False
23128,False
23129,False
23130,False
23131,False
23132,False
23133,False
23134,False
23135,False
23136,False
23137,False
23138,False
23139,False
23140,False
23141,False
23142,False
23143,False
23144,False
23145,False
23146,False
23147,False
23148,False
23149,False
23150,False
23151,False
23152,False
23153,False
23154,False
23155,False
23156,False
23157,False
23158,False
23159,False
23160,False
23161,False
23162,False
23163,False
23164,False
23165,False
23166,False
23167,False
23168,False
23169,False
23170,False
23171,False
23172,False
23173,False
23174,False
23175,False
23176,False
23177,False
23178,False
23179,False
23180,False
23181,False
23182,False
23183,False
23184,False
23185,False
23186,False
23187,False
23188,False
23189,False
23190,False
23191,False
23192,False
23193,False
23194,False
23195,False
23196,False
23197,False
23198,False
23199,False
23200,False
23201,False
23202,False
23203,False
23204,False
23205,False
23206,False
23207,False
23208,False
23209,False
23210,False
23211,False
23212,False
23213,False
23214,False
23215,False
23216,False
23217,False
23218,False
23219,False
23220,False
23221,False
23222,False
23223,False
23224,False
23225,False
23226,False
23227,False
23228,False
23229,False
23230,False
23231,False
23232,False
23233,False
23234,False
23235,False
23236,False
23237,False
23238,False
23239,False
23240,False
23241,False
23242,False
23243,False
23244,False
23245,False
23246,False
23247,False
23248,False
23249,False
23250,False
23251,False
23252,False
23253,False
23254,False
23255,False
23256,False
23257,False
23258,False
23259,False
23260,False
23261,False
23262,False
23263,False
23264,False
23265,False
23266,False
23267,False
23268,False
23269,False
23270,False
23271,False
23272,False
23273,False
23274,False
23275,False
23276,False
23277,False
23278,False
23279,False
23280,False
23281,False
23282,False
23283,False
23284,False
23285,False
23286,False
23287,False
23288,False
23289,False
23290,False
23291,False
23292,False
23293,False
23294,False
23295,False
23296,False
23297,False
23298,False
23299,False
23300,False
23301,False
23302,False
23303,False
23304,False
23305,False
23306,False
23307,False
23308,False
23309,False
23310,False
23311,False
23312,False
23313,False
23314,False
23315,False
23316,False
23317,False
23318,False
23319,False
23320,False
23321,False
23322,False
23323,False
23324,False
23325,False
23326,False
23327,False
23328,False
23329,False
23330,False
23331,False
23332,False
23333,False
23334,False
23335,False
23336,False
23337,False
23338,False
23339,False
23340,False
23341,False
23342,False
23343,False
23344,False
23345,False
23346,False
23347,False
23348,False
23349,False
23350,False
23351,False
23352,False
23353,False
23354,False
23355,False
23356,False
23357,False
23358,False
23359,False
23360,False
23361,False
23362,False
23363,False
23364,False
23365,False
23366,False
23367,False
23368,False
23369,False
23370,False
23371,False
23372,False
23373,False
23374,False
23375,False
23376,False
23377,False
23378,False
23379,False
23380,False
23381,False
23382,False
23383,False
23384,False
23385,False
23386,False
23387,False
23388,False
23389,False
23390,False
23391,False
23392,False
23393,False
23394,False
23395,False
23396,False
23397,False
23398,False
23399,False
23400,False
23401,False
23402,False
23403,False
23404,False
23405,False
23406,False
23407,False
23408,False
23409,False
23410,False
23411,False
23412,False
23413,False
23414,False
23415,False
23416,False
23417,False
23418,False
23419,False
23420,False
23421,False
23422,False
23423,False
23424,False
23425,False
23426,False
23427,False
23428,False
23429,False
23430,False
23431,False
23432,False
23433,False
23434,False
23435,False
23436,False
23437,False
23438,False
23439,False
23440,False
23441,False
23442,False
23443,False
23444,False
23445,False
23446,False
23447,False
23448,False
23449,False
23450,False
23451,False
23452,False
23453,False
23454,False
23455,False
23456,False
23457,False
23458,False
23459,False
23460,False
23461,False
23462,False
23463,False
23464,False
23465,False
23466,False
23467,False
23468,False
23469,False
23470,False
23471,False
23472,False
23473,False
23474,False
23475,False
23476,False
23477,False
23478,False
23479,False
23480,False
23481,False
23482,False
23483,False
23484,False
23485,False
23486,False
23487,False
23488,False
23489,False
23490,False
23491,False
23492,False
23493,False
23494,False
23495,False
23496,False
23497,False
23498,False
23499,False
23500,False
23501,False
23502,False
23503,False
23504,False
23505,False
23506,False
23507,False
23508,False
23509,False
23510,False
23511,False
23512,False
23513,False
23514,False
23515,False
23516,False
23517,False
23518,False
23519,False
23520,False
23521,False
23522,False
23523,False
23524,False
23525,False
23526,False
23527,False
23528,False
23529,False
23530,False
23531,False
23532,False
23533,False
23534,False
23535,False
23536,False
23537,False
23538,False
23539,False
23540,False
23541,False
23542,False
23543,False
23544,False
23545,False
23546,False
23547,False
23548,False
23549,False
23550,False
23551,False
23552,False
23553,False
23554,False
23555,False
23556,False
23557,False
23558,False
23559,False
23560,False
23561,False
23562,False
23563,False
23564,False
23565,False
23566,False
23567,False
23568,False
23569,False
23570,False
23571,False
23572,False
23573,False
23574,False
23575,False
23576,False
23577,False
23578,False
23579,False
23580,False
23581,False
23582,False
23583,False
23584,False
23585,False
23586,False
23587,False
23588,False
23589,False
23590,False
23591,False
23592,False
23593,False
23594,False
23595,False
23596,False
23597,False
23598,False
23599,False
23600,False
23601,False
23602,False
23603,False
23604,False
23605,False
23606,False
23607,False
23608,False
23609,False
23610,False
23611,False
23612,False
23613,False
23614,False
23615,False
23616,False
23617,False
23618,False
23619,False
23620,False
23621,False
23622,False
23623,False
23624,False
23625,False
23626,False
23627,False
23628,False
23629,False
23630,False
23631,False
23632,False
23633,False
23634,False
23635,False
23636,False
23637,False
23638,False
23639,False
23640,False
23641,False
23642,False
23643,False
23644,False
23645,False
23646,False
23647,False
23648,False
23649,False
23650,False
23651,False
23652,False
23653,False
23654,False
23655,False
23656,False
23657,False
23658,False
23659,False
23660,False
23661,False
23662,False
23663,False
23664,False
23665,False
23666,False
23667,False
23668,False
23669,False
23670,False
23671,False
23672,False
23673,False
23674,False
23675,False
23676,False
23677,False
23678,False
23679,False
23680,False
23681,False
23682,False
23683,False
23684,False
23685,False
23686,False
23687,False
23688,False
23689,False
23690,False
23691,False
23692,False
23693,False
23694,False
23695,False
23696,False
23697,False
23698,False
23699,False
23700,False
23701,False
23702,False
23703,False
23704,False
23705,False
23706,False
23707,False
23708,False
